Time [s]	Pressure [MPa]
     0 	      0
4.005900e-05 	 6.080420e+00
8.011770e-05 	 5.681550e+00
1.201760e-04 	 5.306450e+00
1.600080e-04 	 4.955800e+00
2.000660e-04 	 4.629820e+00
2.401250e-04 	 4.323330e+00
2.801860e-04 	 4.036860e+00
3.200200e-04 	 3.770580e+00
3.600810e-04 	 3.520250e+00
4.001420e-04 	 3.286320e+00
4.402040e-04 	 3.068910e+00
4.800370e-04 	 2.864560e+00
5.200950e-04 	 2.673620e+00
5.601510e-04 	 2.496200e+00
6.002070e-04 	 2.329470e+00
6.400360e-04 	 2.173700e+00
6.800920e-04 	 2.028990e+00
7.201480e-04 	 1.893010e+00
7.602040e-04 	 1.766010e+00
8.000330e-04 	 1.648040e+00
8.400890e-04 	 1.537210e+00
8.801450e-04 	 1.433710e+00
9.202010e-04 	 1.337600e+00
9.600300e-04 	 1.247320e+00
1.000090e-03 	 1.163030e+00
1.040140e-03 	 1.084770e+00
1.080200e-03 	 1.011270e+00
1.120030e-03 	 9.426630e-01
1.160080e-03 	 8.789760e-01
1.200140e-03 	 8.191820e-01
1.240200e-03 	 7.633770e-01
1.280020e-03 	 7.115850e-01
1.320080e-03 	 6.629710e-01
1.360140e-03 	 6.176100e-01
1.400190e-03 	 5.755210e-01
1.440020e-03 	 5.360230e-01
1.480080e-03 	 4.991780e-01
1.520130e-03 	 4.649990e-01
1.560190e-03 	 4.329320e-01
1.600020e-03 	 4.030270e-01
1.640070e-03 	 3.752930e-01
1.680130e-03 	 3.492800e-01
1.720190e-03 	 3.250270e-01
1.760020e-03 	 3.025410e-01
1.800070e-03 	 2.814560e-01
1.840130e-03 	 2.618030e-01
1.880180e-03 	 2.435870e-01
1.920010e-03 	 2.265120e-01
1.960070e-03 	 2.106020e-01
2.000150e-03 	 1.958590e-01
2.040230e-03 	 1.820440e-01
2.080080e-03 	 1.691750e-01
2.120150e-03 	 1.572550e-01
2.160000e-03 	 1.460890e-01
2.200080e-03 	 1.356910e-01
2.240150e-03 	 1.260630e-01
2.280000e-03 	 1.170480e-01
2.320080e-03 	 1.086550e-01
2.360160e-03 	 1.008880e-01
2.400010e-03 	 9.361650e-02
2.440080e-03 	 8.685090e-02
2.480160e-03 	 8.059120e-02
2.520010e-03 	 7.473420e-02
2.560080e-03 	 6.928670e-02
2.600160e-03 	 6.424880e-02
2.640010e-03 	 5.953700e-02
2.680090e-03 	 5.515680e-02
2.720160e-03 	 5.110760e-02
2.760010e-03 	 4.732250e-02
2.800090e-03 	 4.380540e-02
2.840170e-03 	 4.055590e-02
2.880010e-03 	 3.751970e-02
2.920090e-03 	 3.470010e-02
2.960170e-03 	 3.209640e-02
3.000020e-03 	 2.966510e-02
3.040090e-03 	 2.740840e-02
3.080170e-03 	 2.532590e-02
3.120020e-03 	 2.338230e-02
3.160100e-03 	 2.157950e-02
3.200170e-03 	 1.991690e-02
3.240020e-03 	 1.836630e-02
3.280100e-03 	 1.692900e-02
3.320170e-03 	 1.560430e-02
3.360020e-03 	 1.436990e-02
3.400100e-03 	 1.322640e-02
3.440180e-03 	 1.217350e-02
3.480030e-03 	 1.119300e-02
3.520100e-03 	 1.028560e-02
3.560180e-03 	 9.450670e-03
3.600030e-03 	 8.673890e-03
3.640110e-03 	 7.955700e-03
3.680180e-03 	 7.295510e-03
3.720030e-03 	 6.681890e-03
3.760110e-03 	 6.118230e-03
3.800180e-03 	 5.594720e-03
3.840030e-03 	 5.111550e-03
3.880110e-03 	 4.668220e-03
3.920190e-03 	 4.256960e-03
3.960040e-03 	 3.877860e-03
4.000110e-03 	 3.530480e-03
4.040190e-03 	 3.208670e-03
4.080040e-03 	 2.912440e-03
4.120110e-03 	 2.641400e-03
4.160190e-03 	 2.390680e-03
4.200040e-03 	 2.160290e-03
4.240120e-03 	 1.949830e-03
4.280190e-03 	 1.755510e-03
4.320040e-03 	 1.577260e-03
4.360120e-03 	 1.414770e-03
4.400200e-03 	 1.265040e-03
4.440040e-03 	 1.128000e-03
4.480120e-03 	 1.003360e-03
4.520200e-03 	 8.887880e-04
4.560050e-03 	 7.841990e-04
4.600120e-03 	 6.893350e-04
4.640200e-03 	 6.023890e-04
4.680050e-03 	 5.232670e-04
4.720130e-03 	 4.517380e-04
4.760200e-03 	 3.864160e-04
4.800050e-03 	 3.271950e-04
4.840130e-03 	 2.738790e-04
4.880200e-03 	 2.254030e-04
4.920050e-03 	 1.816680e-04
4.960130e-03 	 1.424950e-04
5.000210e-03 	 1.070810e-04
5.040060e-03 	 7.532690e-05
5.080130e-03 	 4.707900e-05
5.120210e-03 	 2.173180e-05
5.160060e-03 	 -8.068280e-07
5.200140e-03 	 -2.067270e-05
5.240210e-03 	 -3.831420e-05
5.280060e-03 	 -5.381810e-05
5.320140e-03 	 -6.730140e-05
5.360210e-03 	 -7.909300e-05
5.400060e-03 	 -8.927160e-05
5.440140e-03 	 -9.794050e-05
5.480220e-03 	 -1.053350e-04
5.520070e-03 	 -1.115180e-04
5.560140e-03 	 -1.166140e-04
5.600220e-03 	 -1.207330e-04
5.640070e-03 	 -1.239710e-04
5.680140e-03 	 -1.264180e-04
5.720220e-03 	 -1.281550e-04
5.760070e-03 	 -1.292570e-04
5.800150e-03 	 -1.297910e-04
5.840220e-03 	 -1.298210e-04
5.880070e-03 	 -1.294030e-04
5.920150e-03 	 -1.285910e-04
5.960230e-03 	 -1.274310e-04
6.000070e-03 	 -1.259670e-04
6.040150e-03 	 -1.242390e-04
6.080000e-03 	 -1.222810e-04
6.120080e-03 	 -1.201290e-04
6.160150e-03 	 -1.178090e-04
6.200000e-03 	 -1.153500e-04
6.240080e-03 	 -1.127760e-04
6.280160e-03 	 -1.101090e-04
6.320000e-03 	 -1.073670e-04
6.360080e-03 	 -1.045700e-04
6.400160e-03 	 -1.017330e-04
6.440010e-03 	 -9.887040e-05
6.480080e-03 	 -9.599450e-05
6.520160e-03 	 -9.310060e-05
6.560010e-03 	 -9.023120e-05
6.600090e-03 	 -8.737920e-05
6.640160e-03 	 -8.455220e-05
6.680010e-03 	 -8.175700e-05
6.720090e-03 	 -7.899950e-05
6.760170e-03 	 -7.628500e-05
6.800010e-03 	 -7.361790e-05
6.840090e-03 	 -7.100180e-05
6.880170e-03 	 -6.844000e-05
6.920020e-03 	 -6.593500e-05
6.960090e-03 	 -6.348890e-05
7.000170e-03 	 -6.110340e-05
7.040020e-03 	 -5.877990e-05
7.080100e-03 	 -5.651910e-05
7.120170e-03 	 -5.432170e-05
7.160020e-03 	 -5.218810e-05
7.200100e-03 	 -5.011820e-05
7.240170e-03 	 -4.811200e-05
7.280020e-03 	 -4.616900e-05
7.320100e-03 	 -4.428880e-05
7.360180e-03 	 -4.247050e-05
7.400030e-03 	 -4.071350e-05
7.440100e-03 	 -3.901670e-05
7.480180e-03 	 -3.737920e-05
7.520030e-03 	 -3.579980e-05
7.560100e-03 	 -3.427730e-05
7.600180e-03 	 -3.281030e-05
7.640030e-03 	 -3.139780e-05
7.680110e-03 	 -3.003830e-05
7.720180e-03 	 -2.873040e-05
7.760030e-03 	 -2.747270e-05
7.800110e-03 	 -2.626390e-05
7.840130e-03 	 -2.510250e-05
7.880120e-03 	 -2.398720e-05
7.920120e-03 	 -2.291640e-05
7.960110e-03 	 -2.188890e-05
8.000110e-03 	 -2.090320e-05
8.040100e-03 	 -1.995790e-05
8.080100e-03 	 -1.905160e-05
8.120090e-03 	 -1.818320e-05
8.160090e-03 	 -1.735110e-05
8.200080e-03 	 -1.655420e-05
8.240080e-03 	 -1.578690e-05
8.280070e-03 	 -1.505660e-05
8.320070e-03 	 -1.435780e-05
8.360060e-03 	 -1.368930e-05
8.400060e-03 	 -1.304980e-05
8.440050e-03 	 -1.243830e-05
8.480050e-03 	 -1.185370e-05
8.520040e-03 	 -1.129490e-05
8.560030e-03 	 -1.076100e-05
8.600030e-03 	 -1.025090e-05
8.640020e-03 	 -9.763590e-06
8.680020e-03 	 -9.298260e-06
8.720010e-03 	 -8.853970e-06
8.760010e-03 	 -8.429840e-06
8.800000e-03 	 -8.025050e-06
8.840220e-03 	 -7.638760e-06
8.880220e-03 	 -7.270220e-06
8.920210e-03 	 -6.918650e-06
8.960210e-03 	 -6.583350e-06
9.000200e-03 	 -6.263590e-06
9.040200e-03 	 -5.958730e-06
9.080190e-03 	 -5.668090e-06
9.120190e-03 	 -5.391080e-06
9.160180e-03 	 -5.127080e-06
9.200180e-03 	 -4.875520e-06
9.240170e-03 	 -4.635840e-06
9.280170e-03 	 -4.407540e-06
9.320160e-03 	 -4.190070e-06
9.360160e-03 	 -3.982970e-06
9.400150e-03 	 -3.785760e-06
9.440150e-03 	 -3.598000e-06
9.480140e-03 	 -3.419250e-06
9.520130e-03 	 -3.249100e-06
9.560130e-03 	 -3.087160e-06
9.600120e-03 	 -2.933050e-06
9.640120e-03 	 -2.786410e-06
9.680110e-03 	 -2.646890e-06
9.720110e-03 	 -2.514150e-06
9.760100e-03 	 -2.387890e-06
9.800100e-03 	 -2.267800e-06
9.840090e-03 	 -2.153590e-06
9.880090e-03 	 -2.044980e-06
9.920080e-03 	 -1.941710e-06
9.960080e-03 	 -1.842980e-06
1.000010e-02 	 -1.749660e-06
1.004010e-02 	 -1.660960e-06
1.008010e-02 	 -1.576640e-06
1.012010e-02 	 -1.496510e-06
1.016010e-02 	 -1.420360e-06
1.020000e-02 	 -1.348000e-06
1.024000e-02 	 -1.279240e-06
1.028000e-02 	 -1.213920e-06
1.032000e-02 	 -1.151860e-06
1.036000e-02 	 -1.092910e-06
1.040000e-02 	 -1.036910e-06
1.044000e-02 	 -9.837260e-07
1.048000e-02 	 -9.332170e-07
1.052000e-02 	 -8.852510e-07
1.056020e-02 	 -8.397020e-07
1.060020e-02 	 -7.964540e-07
1.064020e-02 	 -7.553920e-07
1.068020e-02 	 -7.164090e-07
1.072020e-02 	 -6.794040e-07
1.076020e-02 	 -6.442760e-07
1.080020e-02 	 -6.109310e-07
1.084020e-02 	 -5.792860e-07
1.088020e-02 	 -5.492500e-07
1.092020e-02 	 -5.207480e-07
1.096020e-02 	 -4.937000e-07
1.100020e-02 	 -4.680370e-07
1.104020e-02 	 -4.436840e-07
1.108020e-02 	 -4.205810e-07
1.112020e-02 	 -3.986610e-07
1.116010e-02 	 -3.778670e-07
1.120010e-02 	 -3.581420e-07
1.124010e-02 	 -3.394320e-07
1.128010e-02 	 -3.216860e-07
1.132010e-02 	 -3.048540e-07
1.136010e-02 	 -2.888910e-07
1.140010e-02 	 -2.737520e-07
1.144010e-02 	 -2.593950e-07
1.148010e-02 	 -2.457820e-07
1.152010e-02 	 -2.328740e-07
1.156010e-02 	 -2.206350e-07
1.160010e-02 	 -2.090310e-07
1.164010e-02 	 -1.980300e-07
1.168010e-02 	 -1.875430e-07
1.172010e-02 	 -1.776590e-07
1.176010e-02 	 -1.682900e-07
1.180010e-02 	 -1.594090e-07
1.184010e-02 	 -1.509920e-07
1.188010e-02 	 -1.430130e-07
1.192000e-02 	 -1.354520e-07
1.196000e-02 	 -1.282850e-07
1.200000e-02 	 -1.214940e-07
1.204000e-02 	 -1.150590e-07
1.208000e-02 	 -1.089600e-07
1.212000e-02 	 -1.031810e-07
1.216000e-02 	 -9.770570e-08
1.220000e-02 	 -9.251800e-08
1.224000e-02 	 -8.760270e-08
1.228020e-02 	 -8.294600e-08
1.232020e-02 	 -7.853410e-08
1.236020e-02 	 -7.435480e-08
1.240020e-02 	 -7.039560e-08
1.244020e-02 	 -6.664520e-08
1.248020e-02 	 -6.309280e-08
1.252020e-02 	 -5.972790e-08
1.256020e-02 	 -5.654090e-08
1.260020e-02 	 -5.352230e-08
1.264020e-02 	 -5.066340e-08
1.268020e-02 	 -4.795580e-08
1.272020e-02 	 -4.539160e-08
1.276020e-02 	 -4.296340e-08
1.280020e-02 	 -4.066390e-08
1.284020e-02 	 -3.848650e-08
1.288010e-02 	 -3.642460e-08
1.292010e-02 	 -3.447240e-08
1.296010e-02 	 -3.262380e-08
1.300010e-02 	 -3.087360e-08
1.304010e-02 	 -2.921650e-08
1.308010e-02 	 -2.764760e-08
1.312010e-02 	 -2.616230e-08
1.316010e-02 	 -2.475620e-08
1.320010e-02 	 -2.342510e-08
1.324010e-02 	 -2.216500e-08
1.328010e-02 	 -2.097220e-08
1.332010e-02 	 -1.984310e-08
1.336010e-02 	 -1.877430e-08
1.340010e-02 	 -1.776260e-08
1.344010e-02 	 -1.679980e-08
1.348010e-02 	 -1.589380e-08
1.352010e-02 	 -1.503640e-08
1.356010e-02 	 -1.422480e-08
1.360010e-02 	 -1.345680e-08
1.364000e-02 	 -1.272990e-08
1.368000e-02 	 -1.204200e-08
1.372000e-02 	 -1.139110e-08
1.376000e-02 	 -1.077510e-08
1.380000e-02 	 -1.019220e-08
1.384000e-02 	 -9.640610e-09
1.388000e-02 	 -9.118670e-09
1.392000e-02 	 -8.624840e-09
1.396000e-02 	 -8.157560e-09
1.400020e-02 	 -7.715440e-09
1.404020e-02 	 -7.297140e-09
1.408020e-02 	 -6.901360e-09
1.412020e-02 	 -6.526950e-09
1.416020e-02 	 -6.172700e-09
1.420020e-02 	 -5.837570e-09
1.424020e-02 	 -5.520530e-09
1.428020e-02 	 -5.220610e-09
1.432020e-02 	 -4.936880e-09
1.436020e-02 	 -4.668480e-09
1.440020e-02 	 -4.414590e-09
1.444020e-02 	 -4.174440e-09
1.448020e-02 	 -3.947280e-09
1.452020e-02 	 -3.732400e-09
1.456020e-02 	 -3.529160e-09
1.460010e-02 	 -3.336930e-09
1.464010e-02 	 -3.155110e-09
1.468010e-02 	 -2.983140e-09
1.472010e-02 	 -2.820500e-09
1.476010e-02 	 -2.666680e-09
1.480010e-02 	 -2.521200e-09
1.484010e-02 	 -2.383620e-09
1.488010e-02 	 -2.253500e-09
1.492010e-02 	 -2.130470e-09
1.496010e-02 	 -2.014100e-09
1.500010e-02 	 -1.904070e-09
1.504010e-02 	 -1.800010e-09
1.508010e-02 	 -1.701610e-09
1.512010e-02 	 -1.608050e-09
1.516010e-02 	 -1.520100e-09
1.520010e-02 	 -1.436930e-09
1.524010e-02 	 -1.358300e-09
1.528010e-02 	 -1.283950e-09
1.532010e-02 	 -1.213640e-09
1.536000e-02 	 -1.147170e-09
1.540000e-02 	 -1.084330e-09
1.544000e-02 	 -1.024900e-09
1.548000e-02 	 -9.687270e-10
1.552000e-02 	 -9.156140e-10
1.556000e-02 	 -8.654020e-10
1.560000e-02 	 -8.179300e-10
1.564000e-02 	 -7.730490e-10
1.568000e-02 	 -7.306220e-10
1.572000e-02 	 -6.905150e-10
1.576020e-02 	 -6.525980e-10
1.580020e-02 	 -6.167550e-10
1.584020e-02 	 -5.828730e-10
1.588020e-02 	 -5.508450e-10
1.592020e-02 	 -5.205670e-10
1.596020e-02 	 -4.919480e-10
1.600020e-02 	 -4.648970e-10
1.604020e-02 	 -4.393270e-10
1.608020e-02 	 -4.151570e-10
1.612020e-02 	 -3.923120e-10
1.616020e-02 	 -3.707180e-10
1.620020e-02 	 -3.503110e-10
1.624020e-02 	 -3.310200e-10
1.628020e-02 	 -3.127880e-10
1.632010e-02 	 -2.955570e-10
1.636010e-02 	 -2.792720e-10
1.640010e-02 	 -2.638800e-10
1.644010e-02 	 -2.493330e-10
1.648010e-02 	 -2.355850e-10
1.652010e-02 	 -2.225930e-10
1.656010e-02 	 -2.103150e-10
1.660010e-02 	 -1.987110e-10
1.664010e-02 	 -1.877450e-10
1.668010e-02 	 -1.773830e-10
1.672010e-02 	 -1.675900e-10
1.676010e-02 	 -1.583360e-10
1.680010e-02 	 -1.495910e-10
1.684010e-02 	 -1.412820e-10
1.688010e-02 	 -1.334760e-10
1.692010e-02 	 -1.260990e-10
1.696010e-02 	 -1.191290e-10
1.700010e-02 	 -1.125430e-10
1.704010e-02 	 -1.063200e-10
1.708000e-02 	 -1.004400e-10
1.712000e-02 	 -9.488390e-11
1.716000e-02 	 -8.963420e-11
1.720000e-02 	 -8.467420e-11
1.724000e-02 	 -7.998760e-11
1.728000e-02 	 -7.555960e-11
1.732000e-02 	 -7.137600e-11
1.736000e-02 	 -6.742330e-11
1.740000e-02 	 -6.368880e-11
1.744020e-02 	 -6.016030e-11
1.748020e-02 	 -5.682680e-11
1.752020e-02 	 -5.367770e-11
1.756020e-02 	 -5.070230e-11
1.760020e-02 	 -4.789150e-11
1.764020e-02 	 -4.523580e-11
1.768020e-02 	 -4.273420e-11
