Time [s]	Pressure [MPa]
0.	0.
20.0295E-06	0.
40.059E-06	0.
60.0884E-06	0.
80.1177E-06	0.
100.147E-06	0.
120.176E-06	0.
140.206E-06	0.
160.008E-06	0.
180.037E-06	0.
200.066E-06	0.
220.096E-06	0.
240.125E-06	0.
260.155E-06	0.
280.186E-06	0.
300.217E-06	0.
320.02E-06	0.
340.05E-06	0.
360.081E-06	0.
380.112E-06	0.
400.142E-06	0.
420.173E-06	0.
440.204E-06	0.
460.007E-06	0.
480.037E-06	0.
500.067E-06	0.
520.095E-06	0.
540.123E-06	0.
560.151E-06	0.
580.179E-06	0.
600.207E-06	0.
620.008E-06	0.
640.036E-06	0.
660.064E-06	0.
680.092E-06	0.
700.12E-06	0.
720.148E-06	0.
740.176E-06	0.
760.204E-06	0.
780.005E-06	0.
800.033E-06	0.
820.061E-06	0.
840.089E-06	0.
860.117E-06	0.
880.145E-06	0.
900.173E-06	0.
920.201E-06	0.
940.002E-06	0.
960.03E-06	0.
980.058E-06	0.
1.00009E-03	0.
1.02011E-03	0.
1.04014E-03	0.
1.06017E-03	0.
1.0802E-03	0.
1.10023E-03	0.
1.12003E-03	0.
1.14006E-03	0.
1.16008E-03	0.
1.18011E-03	0.
1.20014E-03	0.
1.22017E-03	0.
1.2402E-03	0.
1.26022E-03	0.
1.28002E-03	0.
1.30005E-03	0.
1.32008E-03	0.
1.34011E-03	0.
1.36014E-03	0.
1.38016E-03	0.
1.40019E-03	0.
1.42022E-03	0.
1.44002E-03	0.
1.46005E-03	0.
1.48008E-03	0.
1.50011E-03	0.
1.52013E-03	0.
1.54016E-03	0.
1.56019E-03	0.
1.58022E-03	0.
1.60002E-03	0.
1.62005E-03	0.
1.64007E-03	0.
1.6601E-03	0.
1.68013E-03	0.
1.70016E-03	0.
1.72019E-03	0.
1.74022E-03	0.
1.76002E-03	0.
1.78004E-03	0.
1.80007E-03	0.
1.8201E-03	0.
1.84013E-03	0.
1.86016E-03	0.
1.88018E-03	0.
1.90021E-03	0.
1.92001E-03	0.
1.94004E-03	0.
1.96007E-03	0.
1.98011E-03	0.
2.00015E-03	0.
2.02019E-03	0.
2.04023E-03	0.
2.06004E-03	0.
2.08008E-03	0.
2.10011E-03	0.
2.12015E-03	0.
2.14019E-03	0.
2.16E-03	0.
2.18004E-03	0.
2.20008E-03	0.
2.22012E-03	0.
2.24015E-03	0.
2.26019E-03	0.
2.28E-03	0.
2.30004E-03	0.
2.32008E-03	0.
2.34012E-03	0.
2.36016E-03	0.
2.38019E-03	0.
2.40001E-03	0.
2.42004E-03	0.
2.44008E-03	0.
2.46012E-03	0.
2.48016E-03	0.
2.5002E-03	0.
2.52001E-03	0.
2.54005E-03	0.
2.56008E-03	0.
2.58012E-03	0.
2.60016E-03	0.
2.6202E-03	0.
2.64001E-03	0.
2.66005E-03	0.
2.68009E-03	0.
2.70012E-03	0.
2.72016E-03	0.
2.7402E-03	0.
2.76001E-03	0.
2.78005E-03	0.
2.80009E-03	0.
2.82013E-03	0.
2.84017E-03	0.
2.8602E-03	0.
2.88001E-03	0.
2.90005E-03	0.
2.92009E-03	0.
2.94013E-03	0.
2.96017E-03	0.
2.98021E-03	0.
3.00002E-03	0.
3.02006E-03	0.
3.04009E-03	0.
3.06013E-03	0.
3.08017E-03	0.
3.10021E-03	0.
3.12002E-03	0.
3.14006E-03	0.
3.1601E-03	0.
3.18013E-03	0.
3.20017E-03	0.
3.22021E-03	0.
3.24002E-03	0.
3.26006E-03	0.
3.2801E-03	0.
3.30014E-03	0.
3.32017E-03	0.
3.34021E-03	0.
3.36002E-03	0.
3.38006E-03	0.
3.4001E-03	0.
3.42014E-03	0.
3.44018E-03	0.
3.46022E-03	0.
3.48003E-03	0.
3.50006E-03	0.
3.5201E-03	0.
3.54014E-03	0.
3.56018E-03	0.
3.58022E-03	0.
3.60003E-03	0.
3.62007E-03	0.
3.64011E-03	0.
3.66014E-03	0.
3.68018E-03	0.
3.70022E-03	0.
3.72003E-03	0.
3.74007E-03	0.
3.76011E-03	0.
3.78015E-03	0.
3.80018E-03	0.
3.82022E-03	0.
3.84003E-03	0.
3.86007E-03	0.
3.88011E-03	0.
3.90015E-03	0.
3.92019E-03	0.
3.94022E-03	0.
3.96004E-03	0.
3.98007E-03	0.
4.00011E-03	0.
4.02015E-03	0.
4.04019E-03	0.
4.06023E-03	0.
4.08004E-03	0.
4.10008E-03	0.
4.12011E-03	0.
4.14015E-03	0.
4.16019E-03	0.
4.18E-03	0.
4.20004E-03	0.
4.22008E-03	0.
4.24012E-03	0.
4.26015E-03	0.
4.28019E-03	0.
4.3E-03	0.
4.32004E-03	0.
4.34008E-03	0.
4.36012E-03	0.
4.38016E-03	0.
4.4002E-03	0.
4.42001E-03	0.
4.44004E-03	0.
4.46008E-03	0.
4.48012E-03	0.
4.50016E-03	0.
4.5202E-03	0.
4.54001E-03	0.
4.56005E-03	0.
4.58009E-03	0.
4.60012E-03	0.
4.62016E-03	0.
4.6402E-03	0.
4.66001E-03	0.
4.68005E-03	0.
4.70009E-03	0.
4.72013E-03	0.
4.74016E-03	0.
4.7602E-03	0.
4.78001E-03	0.
4.80005E-03	0.
4.82009E-03	0.
4.84013E-03	0.
4.86017E-03	0.
4.8802E-03	0.
4.90002E-03	0.
4.92005E-03	0.
4.94009E-03	0.
4.96013E-03	0.
4.98017E-03	0.
5.00021E-03	0.
5.02002E-03	0.
5.04006E-03	0.
5.06009E-03	0.
5.08013E-03	0.
5.10017E-03	0.
5.12021E-03	0.
5.14002E-03	0.
5.16006E-03	0.
5.1801E-03	0.
5.20014E-03	0.
5.22017E-03	0.
5.24021E-03	0.
5.26002E-03	0.
5.28006E-03	0.
5.3001E-03	0.
5.32014E-03	0.
5.34018E-03	0.
5.36021E-03	0.
5.38002E-03	0.
5.40006E-03	0.
5.4201E-03	0.
5.44014E-03	0.
5.46018E-03	0.
5.48022E-03	0.
5.50003E-03	0.
5.52007E-03	0.
5.5401E-03	0.
5.56014E-03	0.
5.58018E-03	0.
5.60022E-03	0.
5.62003E-03	0.
5.64007E-03	0.
5.66011E-03	0.
5.68014E-03	0.
5.70018E-03	0.
5.72022E-03	0.
5.74003E-03	0.
5.76007E-03	0.
5.78011E-03	0.
5.80015E-03	0.
5.82018E-03	0.
5.84022E-03	0.
5.86003E-03	0.
5.88007E-03	0.
5.90011E-03	0.
5.92015E-03	0.
5.94019E-03	0.
5.96023E-03	0.
5.98004E-03	0.
6.00007E-03	0.
6.02011E-03	0.
6.04015E-03	0.
6.06019E-03	0.
6.08E-03	0.
6.10004E-03	0.
6.12008E-03	0.
6.14012E-03	0.
6.16015E-03	0.
6.18019E-03	0.
6.2E-03	0.
6.22004E-03	0.
6.24008E-03	0.
6.26012E-03	0.
6.28016E-03	0.
6.30019E-03	0.
6.32E-03	0.
6.34004E-03	0.
6.36008E-03	0.
6.38012E-03	0.
6.40016E-03	0.
6.4202E-03	0.
6.44001E-03	0.
6.46005E-03	0.
6.48008E-03	0.
6.50012E-03	0.
6.52016E-03	0.
6.5402E-03	0.
6.56001E-03	0.
6.58005E-03	0.
6.60009E-03	0.
6.62012E-03	0.
6.64016E-03	0.
6.6602E-03	0.
6.68001E-03	0.
6.70005E-03	0.
6.72009E-03	0.
6.74013E-03	0.
6.76017E-03	0.
6.7802E-03	0.
6.80001E-03	0.
6.82005E-03	0.
6.84009E-03	0.
6.86013E-03	0.
6.88017E-03	0.
6.90021E-03	0.
6.92002E-03	0.
6.94005E-03	0.
6.96009E-03	0.
6.98013E-03	0.
7.00017E-03	0.
7.02021E-03	0.
7.04002E-03	0.
7.06006E-03	0.
7.0801E-03	0.
7.10013E-03	0.
7.12017E-03	0.
7.14021E-03	0.
7.16002E-03	0.
7.18006E-03	0.
7.2001E-03	0.
7.22014E-03	0.
7.24017E-03	0.
7.26021E-03	0.
7.28002E-03	0.
7.30006E-03	0.
7.3201E-03	0.
7.34014E-03	0.
7.36018E-03	0.
7.38022E-03	0.
7.40003E-03	0.
7.42006E-03	0.
7.4401E-03	0.
7.46014E-03	0.
7.48018E-03	0.
7.50022E-03	0.
7.52003E-03	0.
7.54007E-03	0.
7.5601E-03	0.
7.58014E-03	0.
7.60018E-03	0.
7.62022E-03	0.
7.64003E-03	0.
7.66007E-03	0.
7.68011E-03	0.
7.70015E-03	0.
7.72018E-03	0.
7.74022E-03	0.
7.76003E-03	0.
7.78007E-03	0.
7.80011E-03	0.
7.82013E-03	0.
7.84013E-03	0.
7.86013E-03	0.
7.88012E-03	0.
7.90012E-03	0.
7.92012E-03	0.
7.94012E-03	0.
7.96011E-03	0.
7.98011E-03	0.
8.00011E-03	0.
8.02011E-03	0.
8.0401E-03	0.
8.0601E-03	0.
8.0801E-03	0.
8.10009E-03	0.
8.12009E-03	0.
8.14009E-03	0.
8.16009E-03	0.
8.18008E-03	0.
8.20008E-03	0.
8.22008E-03	0.
8.24008E-03	0.
8.26007E-03	0.
8.28007E-03	0.
8.30007E-03	0.
8.32007E-03	0.
8.34006E-03	0.
8.36006E-03	0.
8.38006E-03	0.
8.40006E-03	0.
8.42005E-03	0.
8.44005E-03	0.
8.46005E-03	0.
8.48005E-03	0.
8.50004E-03	0.
8.52004E-03	0.
8.54004E-03	0.
8.56003E-03	0.
8.58003E-03	0.
8.60003E-03	0.
8.62003E-03	0.
8.64002E-03	0.
8.66002E-03	0.
8.68002E-03	0.
8.70002E-03	0.
8.72001E-03	0.
8.74001E-03	0.
8.76001E-03	0.
8.78001E-03	0.
8.8E-03	0.
8.82E-03	0.
8.84022E-03	0.
8.86022E-03	0.
8.88022E-03	0.
8.90022E-03	0.
8.92021E-03	0.
8.94021E-03	0.
8.96021E-03	0.
8.98021E-03	0.
9.0002E-03	0.
9.0202E-03	0.
9.0402E-03	0.
9.0602E-03	0.
9.08019E-03	0.
9.10019E-03	0.
9.12019E-03	0.
9.14019E-03	0.
9.16018E-03	0.
9.18018E-03	0.
9.20018E-03	0.
9.22017E-03	0.
9.24017E-03	0.
9.26017E-03	0.
9.28017E-03	0.
9.30016E-03	0.
9.32016E-03	0.
9.34016E-03	0.
9.36016E-03	0.
9.38015E-03	0.
9.40015E-03	0.
9.42015E-03	0.
9.44015E-03	0.
9.46014E-03	0.
9.48014E-03	0.
9.50014E-03	0.
9.52013E-03	0.
9.54013E-03	0.
9.56013E-03	0.
9.58013E-03	0.
9.60012E-03	0.
9.62012E-03	0.
9.64012E-03	0.
9.66012E-03	0.
9.68011E-03	0.
9.70011E-03	0.
9.72011E-03	0.
9.74011E-03	0.
9.7601E-03	0.
9.7801E-03	0.
9.8001E-03	0.
9.8201E-03	0.
9.84009E-03	0.
9.86009E-03	0.
9.88009E-03	0.
9.90008E-03	0.
9.92008E-03	0.
9.94008E-03	0.
9.96008E-03	0.
9.98007E-03	0.
10.0001E-03	0.
10.0201E-03	0.
10.0401E-03	0.
10.0601E-03	0.
10.0801E-03	0.
10.1001E-03	0.
10.1201E-03	0.
10.1401E-03	0.
10.1601E-03	0.
10.18E-03	0.
10.2E-03	0.
10.22E-03	0.
10.24E-03	0.
10.26E-03	0.
10.28E-03	0.
10.3E-03	0.
10.32E-03	0.
10.34E-03	0.
10.36E-03	0.
10.38E-03	0.
10.4E-03	0.
10.42E-03	0.
10.44E-03	0.
10.46E-03	0.
10.48E-03	0.
10.5E-03	0.
10.52E-03	0.
10.54E-03	0.
10.5602E-03	0.
10.5802E-03	0.
10.6002E-03	0.
10.6202E-03	0.
10.6402E-03	0.
10.6602E-03	0.
10.6802E-03	0.
10.7002E-03	0.
10.7202E-03	0.
10.7402E-03	0.
10.7602E-03	0.
10.7802E-03	0.
10.8002E-03	0.
10.8202E-03	0.
10.8402E-03	0.
10.8602E-03	0.
10.8802E-03	0.
10.9002E-03	0.
10.9202E-03	0.
10.9402E-03	0.
10.9602E-03	0.
10.9802E-03	0.
11.0002E-03	0.
11.0202E-03	0.
11.0402E-03	0.
11.0602E-03	0.
11.0802E-03	0.
11.1002E-03	0.
11.1202E-03	0.
11.1401E-03	0.
11.1601E-03	0.
11.1801E-03	0.
11.2001E-03	0.
11.2201E-03	0.
11.2401E-03	0.
11.2601E-03	0.
11.2801E-03	0.
11.3001E-03	0.
11.3201E-03	0.
11.3401E-03	0.
11.3601E-03	0.
11.3801E-03	0.
11.4001E-03	0.
11.4201E-03	0.
11.4401E-03	0.
11.4601E-03	0.
11.4801E-03	0.
11.5001E-03	0.
11.5201E-03	0.
11.5401E-03	0.
11.5601E-03	0.
11.5801E-03	0.
11.6001E-03	0.
11.6201E-03	0.
11.6401E-03	0.
11.6601E-03	0.
11.6801E-03	0.
11.7001E-03	0.
11.7201E-03	0.
11.7401E-03	0.
11.7601E-03	0.
11.7801E-03	0.
11.8001E-03	0.
11.8201E-03	0.
11.8401E-03	0.
11.8601E-03	0.
11.8801E-03	0.
11.9E-03	0.
11.92E-03	0.
11.94E-03	0.
11.96E-03	0.
11.98E-03	0.
12.E-03	0.
12.02E-03	0.
12.04E-03	0.
12.06E-03	0.
12.08E-03	0.
12.1E-03	0.
12.12E-03	0.
12.14E-03	0.
12.16E-03	0.
12.18E-03	0.
12.2E-03	0.
12.22E-03	0.
12.24E-03	0.
12.26E-03	0.
12.2802E-03	0.
12.3002E-03	0.
12.3202E-03	0.
12.3402E-03	0.
12.3602E-03	0.
12.3802E-03	0.
12.4002E-03	0.
12.4202E-03	0.
12.4402E-03	0.
12.4602E-03	0.
12.4802E-03	0.
12.5002E-03	0.
12.5202E-03	0.
12.5402E-03	0.
12.5602E-03	0.
12.5802E-03	0.
12.6002E-03	0.
12.6202E-03	0.
12.6402E-03	0.
12.6602E-03	0.
12.6802E-03	0.
12.7002E-03	0.
12.7202E-03	0.
12.7402E-03	0.
12.7602E-03	0.
12.7802E-03	0.
12.8002E-03	0.
12.8202E-03	0.
12.8402E-03	0.
12.8601E-03	0.
12.8801E-03	0.
12.9001E-03	0.
12.9201E-03	0.
12.9401E-03	0.
12.9601E-03	0.
12.9801E-03	0.
13.0001E-03	0.
13.0201E-03	0.
13.0401E-03	0.
13.0601E-03	0.
13.0801E-03	0.
13.1001E-03	0.
13.1201E-03	0.
13.1401E-03	0.
13.1601E-03	0.
13.1801E-03	0.
13.2001E-03	0.
13.2201E-03	0.
13.2401E-03	0.
13.2601E-03	0.
13.2801E-03	0.
13.3001E-03	0.
13.3201E-03	0.
13.3401E-03	0.
13.3601E-03	0.
13.3801E-03	0.
13.4001E-03	0.
13.4201E-03	0.
13.4401E-03	0.
13.4601E-03	0.
13.4801E-03	0.
13.5001E-03	0.
13.5201E-03	0.
13.5401E-03	0.
13.5601E-03	0.
13.5801E-03	0.
13.6001E-03	0.
13.62E-03	0.
13.64E-03	0.
13.66E-03	0.
13.68E-03	0.
13.7E-03	0.
13.72E-03	0.
13.74E-03	0.
13.76E-03	0.
13.78E-03	0.
13.8E-03	0.
13.82E-03	0.
13.84E-03	0.
13.86E-03	0.
13.88E-03	0.
13.9E-03	0.
13.92E-03	0.
13.94E-03	0.
13.96E-03	0.
13.98E-03	0.
14.0002E-03	0.
14.0202E-03	0.
14.0402E-03	0.
14.0602E-03	0.
14.0802E-03	0.
14.1002E-03	0.
14.1202E-03	0.
14.1402E-03	0.
14.1602E-03	0.
14.1802E-03	0.
14.2002E-03	0.
14.2202E-03	0.
14.2402E-03	0.
14.2602E-03	0.
14.2802E-03	0.
14.3002E-03	0.
14.3202E-03	0.
14.3402E-03	0.
14.3602E-03	0.
14.3802E-03	0.
14.4002E-03	0.
14.4202E-03	0.
14.4402E-03	0.
14.4602E-03	0.
14.4802E-03	0.
14.5002E-03	0.
14.5202E-03	0.
14.5402E-03	0.
14.5602E-03	0.
14.5801E-03	0.
14.6001E-03	0.
14.6201E-03	0.
14.6401E-03	0.
14.6601E-03	0.
14.6801E-03	0.
14.7001E-03	0.
14.7201E-03	0.
14.7401E-03	0.
14.7601E-03	0.
14.7801E-03	0.
14.8001E-03	0.
14.8201E-03	0.
14.8401E-03	0.
14.8601E-03	0.
14.8801E-03	0.
14.9001E-03	0.
14.9201E-03	0.
14.9401E-03	0.
14.9601E-03	0.
14.9801E-03	0.
15.0001E-03	0.
15.0201E-03	0.
15.0401E-03	0.
15.0601E-03	0.
15.0801E-03	0.
15.1001E-03	0.
15.1201E-03	0.
15.1401E-03	0.
15.1601E-03	0.
15.1801E-03	0.
15.2001E-03	0.
15.2201E-03	0.
15.2401E-03	0.
15.2601E-03	0.
15.2801E-03	0.
15.3001E-03	0.
15.3201E-03	0.
15.34E-03	0.
15.36E-03	0.
15.38E-03	0.
15.4E-03	0.
15.42E-03	319.105E-03
15.44E-03	317.767E-03
15.46E-03	316.435E-03
15.48E-03	315.108E-03
15.5E-03	313.786E-03
15.52E-03	312.469E-03
15.54E-03	311.158E-03
15.56E-03	309.852E-03
15.58E-03	308.551E-03
15.6E-03	307.255E-03
15.62E-03	305.965E-03
15.64E-03	304.679E-03
15.66E-03	303.399E-03
15.68E-03	302.123E-03
15.7E-03	300.853E-03
15.72E-03	299.588E-03
15.7402E-03	298.314E-03
15.7602E-03	297.058E-03
15.7802E-03	295.808E-03
15.8002E-03	294.563E-03
15.8202E-03	293.323E-03
15.8402E-03	292.088E-03
15.8602E-03	290.857E-03
15.8802E-03	289.632E-03
15.9002E-03	288.411E-03
15.9202E-03	287.195E-03
15.9402E-03	285.984E-03
15.9602E-03	284.778E-03
15.9802E-03	283.577E-03
16.0002E-03	282.38E-03
16.0202E-03	281.189E-03
16.0402E-03	280.002E-03
16.0602E-03	278.819E-03
16.0802E-03	277.642E-03
16.1002E-03	276.469E-03
16.1202E-03	275.301E-03
16.1402E-03	274.137E-03
16.1602E-03	272.978E-03
16.1802E-03	271.824E-03
16.2002E-03	270.674E-03
16.2202E-03	269.529E-03
16.2402E-03	268.388E-03
16.2602E-03	267.252E-03
16.2802E-03	266.121E-03
16.3001E-03	264.994E-03
16.3201E-03	263.871E-03
16.3401E-03	262.753E-03
16.3601E-03	261.64E-03
16.3801E-03	260.531E-03
16.4001E-03	259.426E-03
16.4201E-03	258.326E-03
16.4401E-03	257.23E-03
16.4601E-03	256.138E-03
16.4801E-03	255.051E-03
16.5001E-03	253.969E-03
16.5201E-03	252.89E-03
16.5401E-03	251.816E-03
16.5601E-03	250.746E-03
16.5801E-03	249.68E-03
16.6001E-03	248.619E-03
16.6201E-03	247.562E-03
16.6401E-03	246.509E-03
16.6601E-03	245.46E-03
16.6801E-03	244.416E-03
16.7001E-03	243.376E-03
16.7201E-03	242.34E-03
16.7401E-03	241.308E-03
16.7601E-03	240.28E-03
16.7801E-03	239.256E-03
16.8001E-03	238.236E-03
16.8201E-03	237.221E-03
16.8401E-03	236.209E-03
16.8601E-03	235.202E-03
16.8801E-03	234.198E-03
16.9001E-03	233.199E-03
16.9201E-03	232.204E-03
16.9401E-03	231.212E-03
16.9601E-03	230.225E-03
16.9801E-03	229.242E-03
17.0001E-03	228.262E-03
17.0201E-03	227.286E-03
17.0401E-03	226.315E-03
17.06E-03	225.347E-03
17.08E-03	224.383E-03
17.1E-03	223.423E-03
17.12E-03	222.467E-03
17.14E-03	221.515E-03
17.16E-03	220.566E-03
17.18E-03	219.621E-03
17.2E-03	218.68E-03
17.22E-03	217.743E-03
17.24E-03	216.81E-03
17.26E-03	215.88E-03
17.28E-03	214.955E-03
17.3E-03	214.032E-03
17.32E-03	213.114E-03
17.34E-03	212.199E-03
17.36E-03	211.288E-03
17.38E-03	210.381E-03
17.4E-03	209.477E-03
17.42E-03	208.577E-03
17.4402E-03	207.67E-03
17.4602E-03	206.777E-03
17.4802E-03	205.888E-03
17.5002E-03	205.002E-03
17.5202E-03	204.12E-03
17.5402E-03	203.242E-03
17.5602E-03	202.367E-03
17.5802E-03	201.495E-03
17.6002E-03	200.627E-03
17.6202E-03	199.763E-03
17.6402E-03	198.902E-03
17.6602E-03	198.044E-03
17.6802E-03	197.19E-03
17.7002E-03	196.34E-03
17.7202E-03	195.492E-03
17.7402E-03	194.649E-03
17.7602E-03	193.808E-03
17.7802E-03	192.971E-03
17.8002E-03	192.138E-03
17.8202E-03	191.307E-03
17.8402E-03	190.48E-03
17.8602E-03	189.657E-03
17.8802E-03	188.837E-03
17.9002E-03	188.02E-03
17.9202E-03	187.206E-03
17.9402E-03	186.396E-03
17.9602E-03	185.589E-03
17.9802E-03	184.785E-03
18.0002E-03	183.985E-03
18.0201E-03	183.187E-03
18.0401E-03	182.393E-03
18.0601E-03	181.602E-03
18.0801E-03	180.815E-03
18.1001E-03	180.03E-03
18.1201E-03	179.249E-03
18.1401E-03	178.471E-03
18.1601E-03	177.696E-03
18.1801E-03	176.924E-03
18.2001E-03	176.155E-03
18.2201E-03	175.39E-03
18.2401E-03	174.627E-03
18.2601E-03	173.868E-03
18.2801E-03	173.111E-03
18.3001E-03	172.358E-03
18.3201E-03	171.608E-03
18.3401E-03	170.861E-03
18.3601E-03	170.117E-03
18.3801E-03	169.375E-03
18.4001E-03	168.637E-03
18.4201E-03	167.902E-03
18.4401E-03	167.17E-03
18.4601E-03	166.441E-03
18.4801E-03	165.715E-03
18.5001E-03	164.991E-03
18.5201E-03	164.271E-03
18.5401E-03	163.554E-03
18.5601E-03	162.839E-03
18.5801E-03	162.128E-03
18.6001E-03	161.419E-03
18.6201E-03	160.713E-03
18.6401E-03	160.01E-03
18.6601E-03	159.31E-03
18.6801E-03	158.613E-03
18.7001E-03	157.918E-03
18.7201E-03	157.227E-03
18.7401E-03	156.538E-03
18.7601E-03	155.852E-03
18.78E-03	155.169E-03
18.8E-03	154.489E-03
18.82E-03	153.811E-03
18.84E-03	153.136E-03
18.86E-03	152.464E-03
18.88E-03	151.795E-03
18.9E-03	151.128E-03
18.92E-03	150.464E-03
18.94E-03	149.803E-03
18.96E-03	149.144E-03
18.98E-03	148.488E-03
19.E-03	147.835E-03
19.02E-03	147.185E-03
19.04E-03	146.537E-03
19.06E-03	145.892E-03
19.08E-03	145.249E-03
19.1E-03	144.609E-03
19.12E-03	143.972E-03
19.14E-03	143.337E-03
19.1602E-03	142.698E-03
19.1802E-03	142.068E-03
19.2002E-03	141.441E-03
19.2202E-03	140.817E-03
19.2402E-03	140.195E-03
19.2602E-03	139.576E-03
19.2802E-03	138.959E-03
19.3002E-03	138.345E-03
19.3202E-03	137.733E-03
19.3402E-03	137.124E-03
19.3602E-03	136.517E-03
19.3802E-03	135.913E-03
19.4002E-03	135.311E-03
19.4202E-03	134.712E-03
19.4402E-03	134.115E-03
19.4602E-03	133.521E-03
19.4802E-03	132.929E-03
19.5002E-03	132.339E-03
19.5202E-03	131.752E-03
19.5402E-03	131.167E-03
19.5602E-03	130.585E-03
19.5802E-03	130.005E-03
19.6002E-03	129.428E-03
19.6202E-03	128.852E-03
19.6402E-03	128.28E-03
19.6602E-03	127.709E-03
19.6802E-03	127.141E-03
19.7002E-03	126.575E-03
19.7202E-03	126.012E-03
19.7401E-03	125.451E-03
19.7601E-03	124.892E-03
19.7801E-03	124.335E-03
19.8001E-03	123.781E-03
19.8201E-03	123.229E-03
19.8401E-03	122.679E-03
19.8601E-03	122.132E-03
19.8801E-03	121.586E-03
19.9001E-03	121.043E-03
19.9201E-03	120.503E-03
19.9401E-03	119.964E-03
19.9601E-03	119.428E-03
19.9801E-03	118.894E-03
20.E-03	118.365E-03
