Time [s]	Pressure [MPa]
     0 	      0
4.005900e-05 	 7.394570e+00
8.011770e-05 	 6.909270e+00
1.201760e-04 	 6.457970e+00
1.600080e-04 	 6.033490e+00
2.000660e-04 	 5.636600e+00
2.401250e-04 	 5.267570e+00
2.801860e-04 	 4.920520e+00
3.200200e-04 	 4.596070e+00
3.600810e-04 	 4.294430e+00
4.001420e-04 	 4.010800e+00
4.402040e-04 	 3.745670e+00
4.800370e-04 	 3.499220e+00
5.200950e-04 	 3.267520e+00
5.601510e-04 	 3.050960e+00
6.002070e-04 	 2.849690e+00
6.400360e-04 	 2.660490e+00
6.800920e-04 	 2.483680e+00
7.201480e-04 	 2.319380e+00
7.602040e-04 	 2.164950e+00
8.000330e-04 	 2.020670e+00
8.400890e-04 	 1.886610e+00
8.801450e-04 	 1.760620e+00
9.202010e-04 	 1.642930e+00
9.600300e-04 	 1.533600e+00
1.000090e-03 	 1.430880e+00
1.040140e-03 	 1.334930e+00
1.080200e-03 	 1.245810e+00
1.120030e-03 	 1.162090e+00
1.160080e-03 	 1.083910e+00
1.200140e-03 	 1.011300e+00
1.240200e-03 	 9.431110e-01
1.280020e-03 	 8.794420e-01
1.320080e-03 	 8.203260e-01
1.360140e-03 	 7.648120e-01
1.400190e-03 	 7.129910e-01
1.440020e-03 	 6.648860e-01
1.480080e-03 	 6.197210e-01
1.520130e-03 	 5.775690e-01
1.560190e-03 	 5.384470e-01
1.600020e-03 	 5.017250e-01
1.640070e-03 	 4.674600e-01
1.680130e-03 	 4.356650e-01
1.720190e-03 	 4.058270e-01
1.760020e-03 	 3.779920e-01
1.800070e-03 	 3.521690e-01
1.840130e-03 	 3.279420e-01
1.880180e-03 	 3.053460e-01
1.920010e-03 	 2.843890e-01
1.960070e-03 	 2.647320e-01
2.000150e-03 	 2.464030e-01
2.040230e-03 	 2.294080e-01
2.080080e-03 	 2.134710e-01
2.120150e-03 	 1.986150e-01
2.160000e-03 	 1.848440e-01
2.200080e-03 	 1.719340e-01
2.240150e-03 	 1.599030e-01
2.280000e-03 	 1.487540e-01
2.320080e-03 	 1.383050e-01
2.360160e-03 	 1.285710e-01
2.400010e-03 	 1.195530e-01
2.440080e-03 	 1.111030e-01
2.480160e-03 	 1.032340e-01
2.520010e-03 	 9.594700e-02
2.560080e-03 	 8.912150e-02
2.600160e-03 	 8.276700e-02
2.640010e-03 	 7.688410e-02
2.680090e-03 	 7.137610e-02
2.720160e-03 	 6.625010e-02
2.760010e-03 	 6.150620e-02
2.800090e-03 	 5.706650e-02
2.840170e-03 	 5.293610e-02
2.880010e-03 	 4.911530e-02
2.920090e-03 	 4.554080e-02
2.960170e-03 	 4.221690e-02
3.000020e-03 	 3.914330e-02
3.040090e-03 	 3.626920e-02
3.080170e-03 	 3.359770e-02
3.120020e-03 	 3.112870e-02
3.160100e-03 	 2.882090e-02
3.200170e-03 	 2.667690e-02
3.240020e-03 	 2.469630e-02
3.280100e-03 	 2.284600e-02
3.320170e-03 	 2.112800e-02
3.360020e-03 	 1.954170e-02
3.400100e-03 	 1.806060e-02
3.440180e-03 	 1.668620e-02
3.480030e-03 	 1.541790e-02
3.520100e-03 	 1.423450e-02
3.560180e-03 	 1.313690e-02
3.600030e-03 	 1.212480e-02
3.640110e-03 	 1.118100e-02
3.680180e-03 	 1.030620e-02
3.720030e-03 	 9.500130e-03
3.760110e-03 	 8.748980e-03
3.800180e-03 	 8.053320e-03
3.840030e-03 	 7.412760e-03
3.880110e-03 	 6.816320e-03
3.920190e-03 	 6.267410e-03
3.960040e-03 	 5.756620e-03
4.000110e-03 	 5.284230e-03
4.040190e-03 	 4.849880e-03
4.080040e-03 	 4.446060e-03
4.120110e-03 	 4.072970e-03
4.160190e-03 	 3.730270e-03
4.200040e-03 	 3.411990e-03
4.240120e-03 	 3.118250e-03
4.280190e-03 	 2.848740e-03
4.320040e-03 	 2.598720e-03
4.360120e-03 	 2.368270e-03
4.400200e-03 	 2.157090e-03
4.440040e-03 	 1.961450e-03
4.480120e-03 	 1.781360e-03
4.520200e-03 	 1.616570e-03
4.560050e-03 	 1.464140e-03
4.600120e-03 	 1.324050e-03
4.640200e-03 	 1.196070e-03
4.680050e-03 	 1.077890e-03
4.720130e-03 	 9.694780e-04
4.760200e-03 	 8.706310e-04
4.800050e-03 	 7.795350e-04
4.840130e-03 	 6.961450e-04
4.880200e-03 	 6.202830e-04
4.920050e-03 	 5.505350e-04
4.960130e-03 	 4.868470e-04
5.000210e-03 	 4.290610e-04
5.040060e-03 	 3.760840e-04
5.080130e-03 	 3.278540e-04
5.120210e-03 	 2.842350e-04
5.160060e-03 	 2.443820e-04
5.200140e-03 	 2.082340e-04
5.240210e-03 	 1.756700e-04
5.280060e-03 	 1.460430e-04
5.320140e-03 	 1.192950e-04
5.360210e-03 	 9.531710e-05
5.400060e-03 	 7.362030e-05
5.440140e-03 	 5.414620e-05
5.480220e-03 	 3.680200e-05
5.520070e-03 	 2.121840e-05
5.560140e-03 	 7.340980e-06
5.600220e-03 	 -4.911540e-06
5.640070e-03 	 -1.581380e-05
5.680140e-03 	 -2.540360e-05
5.720220e-03 	 -3.380700e-05
5.760070e-03 	 -4.113620e-05
5.800150e-03 	 -4.748840e-05
5.840220e-03 	 -5.295300e-05
5.880070e-03 	 -5.761210e-05
5.920150e-03 	 -6.154170e-05
5.960230e-03 	 -6.481130e-05
6.000070e-03 	 -6.748490e-05
6.040150e-03 	 -6.962120e-05
6.080000e-03 	 -7.127400e-05
6.120080e-03 	 -7.249280e-05
6.160150e-03 	 -7.332280e-05
6.200000e-03 	 -7.380560e-05
6.240080e-03 	 -7.397890e-05
6.280160e-03 	 -7.387740e-05
6.320000e-03 	 -7.353290e-05
6.360080e-03 	 -7.297420e-05
6.400160e-03 	 -7.222760e-05
6.440010e-03 	 -7.131720e-05
6.480080e-03 	 -7.026480e-05
6.520160e-03 	 -6.909010e-05
6.560010e-03 	 -6.781110e-05
6.600090e-03 	 -6.644420e-05
6.640160e-03 	 -6.500400e-05
6.680010e-03 	 -6.349530e-05
6.720090e-03 	 -6.194710e-05
6.760170e-03 	 -6.036180e-05
6.800010e-03 	 -5.874920e-05
6.840090e-03 	 -5.711780e-05
6.880170e-03 	 -5.547550e-05
6.920020e-03 	 -5.382920e-05
6.960090e-03 	 -5.218500e-05
7.000170e-03 	 -5.054830e-05
7.040020e-03 	 -4.892390e-05
7.080100e-03 	 -4.731600e-05
7.120170e-03 	 -4.572820e-05
7.160020e-03 	 -4.416390e-05
7.200100e-03 	 -4.262550e-05
7.240170e-03 	 -4.111570e-05
7.280020e-03 	 -3.963610e-05
7.320100e-03 	 -3.818860e-05
7.360180e-03 	 -3.677440e-05
7.400030e-03 	 -3.539470e-05
7.440100e-03 	 -3.405020e-05
7.480180e-03 	 -3.274160e-05
7.520030e-03 	 -3.146920e-05
7.560100e-03 	 -3.023340e-05
7.600180e-03 	 -2.903430e-05
7.640030e-03 	 -2.787170e-05
7.680110e-03 	 -2.674560e-05
7.720180e-03 	 -2.565560e-05
7.760030e-03 	 -2.460150e-05
7.800110e-03 	 -2.358260e-05
7.840130e-03 	 -2.259870e-05
7.880120e-03 	 -2.164890e-05
7.920120e-03 	 -2.073280e-05
7.960110e-03 	 -1.984970e-05
8.000110e-03 	 -1.899870e-05
8.040100e-03 	 -1.817930e-05
8.080100e-03 	 -1.739060e-05
8.120090e-03 	 -1.663190e-05
8.160090e-03 	 -1.590230e-05
8.200080e-03 	 -1.520110e-05
8.240080e-03 	 -1.452730e-05
8.280070e-03 	 -1.388030e-05
8.320070e-03 	 -1.325920e-05
8.360060e-03 	 -1.266320e-05
8.400060e-03 	 -1.208820e-05
8.440050e-03 	 -1.154010e-05
8.480050e-03 	 -1.101470e-05
8.520040e-03 	 -1.051120e-05
8.560030e-03 	 -1.002880e-05
8.600030e-03 	 -9.566860e-06
8.640020e-03 	 -9.124600e-06
8.680020e-03 	 -8.701280e-06
8.720010e-03 	 -8.296230e-06
8.760010e-03 	 -7.908730e-06
8.800000e-03 	 -7.538150e-06
8.840220e-03 	 -7.183800e-06
8.880220e-03 	 -6.845100e-06
8.920210e-03 	 -6.521390e-06
8.960210e-03 	 -6.212110e-06
9.000200e-03 	 -5.916670e-06
9.040200e-03 	 -5.634500e-06
9.080190e-03 	 -5.365070e-06
9.120190e-03 	 -5.107850e-06
9.160180e-03 	 -4.862350e-06
9.200180e-03 	 -4.628060e-06
9.240170e-03 	 -4.404530e-06
9.280170e-03 	 -4.191290e-06
9.320160e-03 	 -3.987910e-06
9.360160e-03 	 -3.793960e-06
9.400150e-03 	 -3.609040e-06
9.440150e-03 	 -3.432760e-06
9.480140e-03 	 -3.264730e-06
9.520130e-03 	 -3.104600e-06
9.560130e-03 	 -2.952030e-06
9.600120e-03 	 -2.806660e-06
9.640120e-03 	 -2.668190e-06
9.680110e-03 	 -2.536310e-06
9.720110e-03 	 -2.410710e-06
9.760100e-03 	 -2.291120e-06
9.800100e-03 	 -2.177260e-06
9.840090e-03 	 -2.068880e-06
9.880090e-03 	 -1.965710e-06
9.920080e-03 	 -1.867530e-06
9.960080e-03 	 -1.774100e-06
1.000010e-02 	 -1.685210e-06
1.004010e-02 	 -1.600640e-06
1.008010e-02 	 -1.520190e-06
1.012010e-02 	 -1.443240e-06
1.016010e-02 	 -1.370490e-06
1.020000e-02 	 -1.301300e-06
1.024000e-02 	 -1.235510e-06
1.028000e-02 	 -1.172970e-06
1.032000e-02 	 -1.113500e-06
1.036000e-02 	 -1.056980e-06
1.040000e-02 	 -1.003260e-06
1.044000e-02 	 -9.521990e-07
1.048000e-02 	 -9.036770e-07
1.052000e-02 	 -8.575710e-07
1.056020e-02 	 -8.137630e-07
1.060020e-02 	 -7.721450e-07
1.064020e-02 	 -7.326070e-07
1.068020e-02 	 -6.950510e-07
1.072020e-02 	 -6.593790e-07
1.076020e-02 	 -6.255000e-07
1.080020e-02 	 -5.933260e-07
1.084020e-02 	 -5.627740e-07
1.088020e-02 	 -5.337650e-07
1.092020e-02 	 -5.062220e-07
1.096020e-02 	 -4.800730e-07
1.100020e-02 	 -4.552500e-07
1.104020e-02 	 -4.316870e-07
1.108020e-02 	 -4.093210e-07
1.112020e-02 	 -3.880940e-07
1.116010e-02 	 -3.679480e-07
1.120010e-02 	 -3.488300e-07
1.124010e-02 	 -3.306890e-07
1.128010e-02 	 -3.134750e-07
1.132010e-02 	 -2.971430e-07
1.136010e-02 	 -2.816480e-07
1.140010e-02 	 -2.669490e-07
1.144010e-02 	 -2.530040e-07
1.148010e-02 	 -2.397770e-07
1.152010e-02 	 -2.272310e-07
1.156010e-02 	 -2.153320e-07
1.160010e-02 	 -2.040460e-07
1.164010e-02 	 -1.933430e-07
1.168010e-02 	 -1.831940e-07
1.172010e-02 	 -1.735700e-07
1.176010e-02 	 -1.644450e-07
1.180010e-02 	 -1.557930e-07
1.184010e-02 	 -1.475440e-07
1.188010e-02 	 -1.397700e-07
1.192000e-02 	 -1.324000e-07
1.196000e-02 	 -1.254130e-07
1.200000e-02 	 -1.187910e-07
1.204000e-02 	 -1.125140e-07
1.208000e-02 	 -1.065640e-07
1.212000e-02 	 -1.009260e-07
1.216000e-02 	 -9.558160e-08
1.220000e-02 	 -9.051730e-08
1.224000e-02 	 -8.571800e-08
1.228020e-02 	 -8.117050e-08
1.232020e-02 	 -7.686130e-08
1.236020e-02 	 -7.277850e-08
1.240020e-02 	 -6.890990e-08
1.244020e-02 	 -6.524490e-08
1.248020e-02 	 -6.177260e-08
1.252020e-02 	 -5.848330e-08
1.256020e-02 	 -5.536720e-08
1.260020e-02 	 -5.241540e-08
1.264020e-02 	 -4.961940e-08
1.268020e-02 	 -4.697100e-08
1.272020e-02 	 -4.446250e-08
1.276020e-02 	 -4.208670e-08
1.280020e-02 	 -3.983660e-08
1.284020e-02 	 -3.770570e-08
1.288010e-02 	 -3.568760e-08
1.292010e-02 	 -3.377660e-08
1.296010e-02 	 -3.196690e-08
1.300010e-02 	 -3.025330e-08
1.304010e-02 	 -2.863070e-08
1.308010e-02 	 -2.709440e-08
1.312010e-02 	 -2.563980e-08
1.316010e-02 	 -2.426260e-08
1.320010e-02 	 -2.295870e-08
1.324010e-02 	 -2.172430e-08
1.328010e-02 	 -2.055570e-08
1.332010e-02 	 -1.944940e-08
1.336010e-02 	 -1.840220e-08
1.340010e-02 	 -1.741090e-08
1.344010e-02 	 -1.647260e-08
1.348010e-02 	 -1.558440e-08
1.352010e-02 	 -1.474380e-08
1.356010e-02 	 -1.394810e-08
1.360010e-02 	 -1.319090e-08
1.364000e-02 	 -1.247840e-08
1.368000e-02 	 -1.180410e-08
1.372000e-02 	 -1.116600e-08
1.376000e-02 	 -1.056210e-08
1.380000e-02 	 -9.990670e-09
1.384000e-02 	 -9.449910e-09
1.388000e-02 	 -8.938200e-09
1.392000e-02 	 -8.454000e-09
1.396000e-02 	 -7.995870e-09
1.400020e-02 	 -7.562370e-09
1.404020e-02 	 -7.152200e-09
1.408020e-02 	 -6.764150e-09
1.412020e-02 	 -6.397010e-09
1.416020e-02 	 -6.049660e-09
1.420020e-02 	 -5.721030e-09
1.424020e-02 	 -5.410150e-09
1.428020e-02 	 -5.116060e-09
1.432020e-02 	 -4.837850e-09
1.436020e-02 	 -4.574670e-09
1.440020e-02 	 -4.325710e-09
1.444020e-02 	 -4.090230e-09
1.448020e-02 	 -3.867480e-09
1.452020e-02 	 -3.656790e-09
1.456020e-02 	 -3.457510e-09
1.460010e-02 	 -3.269030e-09
1.464010e-02 	 -3.090750e-09
1.468010e-02 	 -2.922140e-09
1.472010e-02 	 -2.762680e-09
1.476010e-02 	 -2.611880e-09
1.480010e-02 	 -2.469250e-09
1.484010e-02 	 -2.334360e-09
1.488010e-02 	 -2.206810e-09
1.492010e-02 	 -2.086190e-09
1.496010e-02 	 -1.972120e-09
1.500010e-02 	 -1.864260e-09
1.504010e-02 	 -1.762260e-09
1.508010e-02 	 -1.665820e-09
1.512010e-02 	 -1.574620e-09
1.516010e-02 	 -1.488390e-09
1.520010e-02 	 -1.406860e-09
1.524010e-02 	 -1.329780e-09
1.528010e-02 	 -1.256490e-09
1.532010e-02 	 -1.187600e-09
1.536000e-02 	 -1.122470e-09
1.540000e-02 	 -1.060890e-09
1.544000e-02 	 -1.002680e-09
1.548000e-02 	 -9.476400e-10
1.552000e-02 	 -8.956100e-10
1.556000e-02 	 -8.464240e-10
1.560000e-02 	 -7.999240e-10
1.564000e-02 	 -7.559670e-10
1.568000e-02 	 -7.144150e-10
1.572000e-02 	 -6.751370e-10
1.576020e-02 	 -6.380080e-10
1.580020e-02 	 -6.029100e-10
1.584020e-02 	 -5.697360e-10
1.588020e-02 	 -5.383790e-10
1.592020e-02 	 -5.087410e-10
1.596020e-02 	 -4.807260e-10
1.600020e-02 	 -4.542450e-10
1.604020e-02 	 -4.292200e-10
1.608020e-02 	 -4.055660e-10
1.612020e-02 	 -3.832100e-10
1.616020e-02 	 -3.620810e-10
1.620020e-02 	 -3.421130e-10
1.624020e-02 	 -3.232410e-10
1.628020e-02 	 -3.054050e-10
1.632010e-02 	 -2.885500e-10
1.636010e-02 	 -2.726220e-10
1.640010e-02 	 -2.575690e-10
1.644010e-02 	 -2.433430e-10
1.648010e-02 	 -2.299010e-10
1.652010e-02 	 -2.171980e-10
1.656010e-02 	 -2.051940e-10
1.660010e-02 	 -1.938510e-10
1.664010e-02 	 -1.831330e-10
1.668010e-02 	 -1.730050e-10
1.672010e-02 	 -1.634350e-10
1.676010e-02 	 -1.543920e-10
1.680010e-02 	 -1.458480e-10
1.684010e-02 	 -1.377750e-10
1.688010e-02 	 -1.301470e-10
1.692010e-02 	 -1.229400e-10
1.696010e-02 	 -1.161300e-10
1.700010e-02 	 -1.096610e-10
1.704010e-02 	 -1.035850e-10
1.708000e-02 	 -9.784400e-11
1.712000e-02 	 -9.242010e-11
1.716000e-02 	 -8.729580e-11
1.720000e-02 	 -8.245480e-11
1.724000e-02 	 -7.788100e-11
1.728000e-02 	 -7.356020e-11
1.732000e-02 	 -6.947830e-11
1.736000e-02 	 -6.562230e-11
1.740000e-02 	 -6.197940e-11
1.744020e-02 	 -5.853800e-11
1.748020e-02 	 -5.528720e-11
1.752020e-02 	 -5.221640e-11
1.756020e-02 	 -4.931550e-11
1.760020e-02 	 -4.657510e-11
1.764020e-02 	 -4.398670e-11
1.768020e-02 	 -4.154170e-11
1.772020e-02 	 -3.923210e-11
1.776020e-02 	 -3.705050e-11
1.780020e-02 	 -3.498980e-11
1.784020e-02 	 -3.304890e-11
