Time [s]	Pressure [MPa]
     0 	      0
2.002950e-05 	 1.675020e+00
4.005900e-05 	 1.650260e+00
6.008840e-05 	 1.625860e+00
8.011770e-05 	 1.601830e+00
1.001470e-04 	 1.578410e+00
1.201760e-04 	 1.555060e+00
1.402060e-04 	 1.532060e+00
1.600080e-04 	 1.509390e+00
1.800370e-04 	 1.487050e+00
2.000660e-04 	 1.465040e+00
2.200960e-04 	 1.443590e+00
2.401250e-04 	 1.422220e+00
2.601550e-04 	 1.401160e+00
2.801860e-04 	 1.380400e+00
3.002170e-04 	 1.359950e+00
3.200200e-04 	 1.340020e+00
3.400500e-04 	 1.320160e+00
3.600810e-04 	 1.300590e+00
3.801120e-04 	 1.281310e+00
4.001420e-04 	 1.262310e+00
4.201730e-04 	 1.243580e+00
4.402040e-04 	 1.225340e+00
4.600070e-04 	 1.207160e+00
4.800370e-04 	 1.189240e+00
5.000670e-04 	 1.171590e+00
5.200950e-04 	 1.154190e+00
5.401230e-04 	 1.137050e+00
5.601510e-04 	 1.120350e+00
5.801790e-04 	 1.103710e+00
6.002070e-04 	 1.087310e+00
6.200080e-04 	 1.071150e+00
6.400360e-04 	 1.055220e+00
6.600640e-04 	 1.039530e+00
6.800920e-04 	 1.024250e+00
7.001200e-04 	 1.009010e+00
7.201480e-04 	 9.940020e-01
7.401760e-04 	 9.792110e-01
7.602040e-04 	 9.646360e-01
7.800050e-04 	 9.502760e-01
8.000330e-04 	 9.362860e-01
8.200610e-04 	 9.223420e-01
8.400890e-04 	 9.086020e-01
8.601170e-04 	 8.950650e-01
8.801450e-04 	 8.817260e-01
9.001730e-04 	 8.685840e-01
9.202010e-04 	 8.557800e-01
9.400020e-04 	 8.430190e-01
9.600300e-04 	 8.304450e-01
9.800580e-04 	 8.180570e-01
1.000090e-03 	 8.058500e-01
1.020110e-03 	 7.938230e-01
1.040140e-03 	 7.821060e-01
1.060170e-03 	 7.704280e-01
1.080200e-03 	 7.589230e-01
1.100230e-03 	 7.475860e-01
1.120030e-03 	 7.364160e-01
1.140060e-03 	 7.254110e-01
1.160080e-03 	 7.146900e-01
1.180110e-03 	 7.040050e-01
1.200140e-03 	 6.934770e-01
1.220170e-03 	 6.831040e-01
1.240200e-03 	 6.728850e-01
1.260220e-03 	 6.628160e-01
1.280020e-03 	 6.530070e-01
1.300050e-03 	 6.432310e-01
1.320080e-03 	 6.335990e-01
1.340110e-03 	 6.241090e-01
1.360140e-03 	 6.147590e-01
1.380160e-03 	 6.055470e-01
1.400190e-03 	 5.965730e-01
1.420220e-03 	 5.876300e-01
1.440020e-03 	 5.788180e-01
1.460050e-03 	 5.701370e-01
1.480080e-03 	 5.615840e-01
1.500110e-03 	 5.531570e-01
1.520130e-03 	 5.449480e-01
1.540160e-03 	 5.367670e-01
1.560190e-03 	 5.287070e-01
1.580220e-03 	 5.207660e-01
1.600020e-03 	 5.129420e-01
1.620050e-03 	 5.052340e-01
1.640070e-03 	 4.977260e-01
1.660100e-03 	 4.902430e-01
1.680130e-03 	 4.828710e-01
1.700160e-03 	 4.756080e-01
1.720190e-03 	 4.684520e-01
1.740220e-03 	 4.614030e-01
1.760020e-03 	 4.545360e-01
1.780040e-03 	 4.476920e-01
1.800070e-03 	 4.409500e-01
1.820100e-03 	 4.343080e-01
1.840130e-03 	 4.277640e-01
1.860160e-03 	 4.213170e-01
1.880180e-03 	 4.150370e-01
1.900210e-03 	 4.087790e-01
1.920010e-03 	 4.026140e-01
1.940040e-03 	 3.965400e-01
1.960070e-03 	 3.905560e-01
1.980110e-03 	 3.846610e-01
2.000150e-03 	 3.789190e-01
2.020190e-03 	 3.731960e-01
2.040230e-03 	 3.675590e-01
2.060040e-03 	 3.620050e-01
2.080080e-03 	 3.565340e-01
2.100110e-03 	 3.511440e-01
2.120150e-03 	 3.458940e-01
2.140190e-03 	 3.406630e-01
2.160000e-03 	 3.355080e-01
2.180040e-03 	 3.304310e-01
2.200080e-03 	 3.254290e-01
2.220120e-03 	 3.205570e-01
2.240150e-03 	 3.157020e-01
2.260190e-03 	 3.109200e-01
2.280000e-03 	 3.062080e-01
2.300040e-03 	 3.015670e-01
2.320080e-03 	 2.969940e-01
2.340120e-03 	 2.925410e-01
2.360160e-03 	 2.881030e-01
2.380190e-03 	 2.837310e-01
2.400010e-03 	 2.794240e-01
2.420040e-03 	 2.751820e-01
2.440080e-03 	 2.710030e-01
2.460120e-03 	 2.669320e-01
2.480160e-03 	 2.628760e-01
2.500200e-03 	 2.588800e-01
2.520010e-03 	 2.549440e-01
2.540050e-03 	 2.510670e-01
2.560080e-03 	 2.472480e-01
2.580120e-03 	 2.435280e-01
2.600160e-03 	 2.398210e-01
2.620200e-03 	 2.361690e-01
2.640010e-03 	 2.325720e-01
2.660050e-03 	 2.290290e-01
2.680090e-03 	 2.255390e-01
2.700120e-03 	 2.221400e-01
2.720160e-03 	 2.187520e-01
2.740200e-03 	 2.154160e-01
2.760010e-03 	 2.121290e-01
2.780050e-03 	 2.088920e-01
2.800090e-03 	 2.057030e-01
2.820130e-03 	 2.025970e-01
2.840170e-03 	 1.995020e-01
2.860200e-03 	 1.964540e-01
2.880010e-03 	 1.934510e-01
2.900050e-03 	 1.904930e-01
2.920090e-03 	 1.875800e-01
2.940130e-03 	 1.847420e-01
2.960170e-03 	 1.819150e-01
2.980210e-03 	 1.791300e-01
3.000020e-03 	 1.763870e-01
3.020060e-03 	 1.736850e-01
3.040090e-03 	 1.710240e-01
3.060130e-03 	 1.684320e-01
3.080170e-03 	 1.658500e-01
3.100210e-03 	 1.633060e-01
3.120020e-03 	 1.608010e-01
3.140060e-03 	 1.583330e-01
3.160100e-03 	 1.559020e-01
3.180130e-03 	 1.535350e-01
3.200170e-03 	 1.511760e-01
3.220210e-03 	 1.488530e-01
3.240020e-03 	 1.465650e-01
3.260060e-03 	 1.443110e-01
3.280100e-03 	 1.420920e-01
3.300140e-03 	 1.399300e-01
3.320170e-03 	 1.377760e-01
3.340210e-03 	 1.356550e-01
3.360020e-03 	 1.335650e-01
3.380060e-03 	 1.315070e-01
3.400100e-03 	 1.294800e-01
3.420140e-03 	 1.275070e-01
3.440180e-03 	 1.255400e-01
3.460220e-03 	 1.236030e-01
3.480030e-03 	 1.216950e-01
3.500060e-03 	 1.198160e-01
3.520100e-03 	 1.179660e-01
3.540140e-03 	 1.161640e-01
3.560180e-03 	 1.143680e-01
3.580220e-03 	 1.126000e-01
3.600030e-03 	 1.108590e-01
3.620070e-03 	 1.091440e-01
3.640110e-03 	 1.074540e-01
3.660140e-03 	 1.058090e-01
3.680180e-03 	 1.041700e-01
3.700220e-03 	 1.025560e-01
3.720030e-03 	 1.009670e-01
3.740070e-03 	 9.940130e-02
3.760110e-03 	 9.785940e-02
3.780150e-03 	 9.635810e-02
3.800180e-03 	 9.486240e-02
3.820220e-03 	 9.338930e-02
3.840030e-03 	 9.193860e-02
3.860070e-03 	 9.050990e-02
3.880110e-03 	 8.910290e-02
3.900150e-03 	 8.773280e-02
3.920190e-03 	 8.636790e-02
3.940220e-03 	 8.502370e-02
3.960040e-03 	 8.370100e-02
3.980070e-03 	 8.240000e-02
4.000110e-03 	 8.111860e-02
4.020150e-03 	 7.985680e-02
4.040190e-03 	 7.861410e-02
4.060230e-03 	 7.739020e-02
4.080040e-03 	 7.618500e-02
4.100080e-03 	 7.499800e-02
4.120110e-03 	 7.382900e-02
4.140150e-03 	 7.267780e-02
4.160190e-03 	 7.154420e-02
4.180000e-03 	 7.042770e-02
4.200040e-03 	 6.932820e-02
4.220080e-03 	 6.824540e-02
4.240120e-03 	 6.717920e-02
4.260150e-03 	 6.612920e-02
4.280190e-03 	 6.509510e-02
4.300000e-03 	 6.407680e-02
4.320040e-03 	 6.307400e-02
4.340080e-03 	 6.208650e-02
4.360120e-03 	 6.111400e-02
4.380160e-03 	 6.015630e-02
4.400200e-03 	 5.921340e-02
4.420010e-03 	 5.828470e-02
4.440040e-03 	 5.737020e-02
4.460080e-03 	 5.646970e-02
4.480120e-03 	 5.558300e-02
4.500160e-03 	 5.470980e-02
4.520200e-03 	 5.384990e-02
4.540010e-03 	 5.300320e-02
4.560050e-03 	 5.216940e-02
4.580090e-03 	 5.134840e-02
4.600120e-03 	 5.053990e-02
4.620160e-03 	 4.974380e-02
4.640200e-03 	 4.895990e-02
4.660010e-03 	 4.818800e-02
4.680050e-03 	 4.742800e-02
4.700090e-03 	 4.667950e-02
4.720130e-03 	 4.594260e-02
4.740160e-03 	 4.521690e-02
4.760200e-03 	 4.450240e-02
4.780010e-03 	 4.379880e-02
4.800050e-03 	 4.310610e-02
4.820090e-03 	 4.242400e-02
4.840130e-03 	 4.175230e-02
4.860170e-03 	 4.109100e-02
4.880200e-03 	 4.043990e-02
4.900020e-03 	 3.979870e-02
4.920050e-03 	 3.916740e-02
4.940090e-03 	 3.854590e-02
4.960130e-03 	 3.793390e-02
4.980170e-03 	 3.732450e-02
5.000210e-03 	 3.673130e-02
5.020020e-03 	 3.614720e-02
5.040060e-03 	 3.557220e-02
5.060090e-03 	 3.500600e-02
5.080130e-03 	 3.444850e-02
5.100170e-03 	 3.389970e-02
5.120210e-03 	 3.335930e-02
5.140020e-03 	 3.282730e-02
5.160060e-03 	 3.230340e-02
5.180100e-03 	 3.178770e-02
5.200140e-03 	 3.127990e-02
5.220170e-03 	 3.078000e-02
5.240210e-03 	 3.028780e-02
5.260020e-03 	 2.980330e-02
5.280060e-03 	 2.932620e-02
5.300100e-03 	 2.885660e-02
5.320140e-03 	 2.839410e-02
5.340180e-03 	 2.793890e-02
5.360210e-03 	 2.749070e-02
5.380020e-03 	 2.704950e-02
5.400060e-03 	 2.661510e-02
5.420100e-03 	 2.618750e-02
5.440140e-03 	 2.576640e-02
5.460180e-03 	 2.535200e-02
5.480220e-03 	 2.494400e-02
5.500030e-03 	 2.454230e-02
5.520070e-03 	 2.414680e-02
5.540100e-03 	 2.375760e-02
5.560140e-03 	 2.337430e-02
5.580180e-03 	 2.299700e-02
5.600220e-03 	 2.262570e-02
5.620030e-03 	 2.226010e-02
5.640070e-03 	 2.190010e-02
5.660110e-03 	 2.154590e-02
5.680140e-03 	 2.119710e-02
5.700180e-03 	 2.085380e-02
5.720220e-03 	 2.051580e-02
5.740030e-03 	 2.018310e-02
5.760070e-03 	 1.985560e-02
5.780110e-03 	 1.953320e-02
5.800150e-03 	 1.921590e-02
5.820180e-03 	 1.890350e-02
5.840220e-03 	 1.859600e-02
5.860030e-03 	 1.829340e-02
5.880070e-03 	 1.799540e-02
5.900110e-03 	 1.770220e-02
5.920150e-03 	 1.741350e-02
5.940190e-03 	 1.712940e-02
5.960230e-03 	 1.684970e-02
5.980040e-03 	 1.657440e-02
6.000070e-03 	 1.630340e-02
6.020110e-03 	 1.603670e-02
6.040150e-03 	 1.577420e-02
6.060190e-03 	 1.551580e-02
6.080000e-03 	 1.526150e-02
6.100040e-03 	 1.501120e-02
6.120080e-03 	 1.476480e-02
6.140120e-03 	 1.452230e-02
6.160150e-03 	 1.428360e-02
6.180190e-03 	 1.404870e-02
6.200000e-03 	 1.381740e-02
6.220040e-03 	 1.358990e-02
6.240080e-03 	 1.336590e-02
6.260120e-03 	 1.314550e-02
6.280160e-03 	 1.292850e-02
6.300190e-03 	 1.271500e-02
6.320000e-03 	 1.250480e-02
6.340040e-03 	 1.229800e-02
6.360080e-03 	 1.209440e-02
6.380120e-03 	 1.189410e-02
6.400160e-03 	 1.169700e-02
6.420200e-03 	 1.150290e-02
6.440010e-03 	 1.131200e-02
6.460050e-03 	 1.112410e-02
6.480080e-03 	 1.093910e-02
6.500120e-03 	 1.075710e-02
6.520160e-03 	 1.057800e-02
6.540200e-03 	 1.040180e-02
6.560010e-03 	 1.022830e-02
6.580050e-03 	 1.005760e-02
6.600090e-03 	 9.889640e-03
6.620120e-03 	 9.724340e-03
6.640160e-03 	 9.561670e-03
6.660200e-03 	 9.401600e-03
6.680010e-03 	 9.244080e-03
6.700050e-03 	 9.087330e-03
6.720090e-03 	 8.934820e-03
6.740130e-03 	 8.784760e-03
6.760170e-03 	 8.637100e-03
6.780200e-03 	 8.491800e-03
6.800010e-03 	 8.348820e-03
6.820050e-03 	 8.208130e-03
6.840090e-03 	 8.069700e-03
6.860130e-03 	 7.933480e-03
6.880170e-03 	 7.799460e-03
6.900210e-03 	 7.667570e-03
6.920020e-03 	 7.537820e-03
6.940050e-03 	 7.410140e-03
6.960090e-03 	 7.284510e-03
6.980130e-03 	 7.160900e-03
7.000170e-03 	 7.039300e-03
7.020210e-03 	 6.919640e-03
7.040020e-03 	 6.801910e-03
7.060060e-03 	 6.686080e-03
7.080100e-03 	 6.572120e-03
7.100130e-03 	 6.460000e-03
7.120170e-03 	 6.349680e-03
7.140210e-03 	 6.241150e-03
7.160020e-03 	 6.134380e-03
7.180060e-03 	 6.029330e-03
7.200100e-03 	 5.925980e-03
7.220140e-03 	 5.824300e-03
7.240170e-03 	 5.724280e-03
7.260210e-03 	 5.625870e-03
7.280020e-03 	 5.529060e-03
7.300060e-03 	 5.433820e-03
7.320100e-03 	 5.340130e-03
7.340140e-03 	 5.247960e-03
7.360180e-03 	 5.157290e-03
7.380220e-03 	 5.068100e-03
7.400030e-03 	 4.980360e-03
7.420060e-03 	 4.894050e-03
7.440100e-03 	 4.809140e-03
7.460140e-03 	 4.725620e-03
7.480180e-03 	 4.643470e-03
7.500220e-03 	 4.562650e-03
7.520030e-03 	 4.483160e-03
7.540070e-03 	 4.404970e-03
7.560100e-03 	 4.328060e-03
7.580140e-03 	 4.252410e-03
7.600180e-03 	 4.177990e-03
7.620220e-03 	 4.104800e-03
7.640030e-03 	 4.032810e-03
7.660070e-03 	 3.962000e-03
7.680110e-03 	 3.892350e-03
7.700150e-03 	 3.823850e-03
7.720180e-03 	 3.756480e-03
7.740220e-03 	 3.690220e-03
7.760030e-03 	 3.625040e-03
7.780070e-03 	 3.560940e-03
7.800110e-03 	 3.497910e-03
7.820130e-03 	 3.435910e-03
7.840130e-03 	 3.374940e-03
7.860130e-03 	 3.314970e-03
7.880120e-03 	 3.256000e-03
7.900120e-03 	 3.198000e-03
7.920120e-03 	 3.140960e-03
7.940120e-03 	 3.084870e-03
7.960110e-03 	 3.029720e-03
7.980110e-03 	 2.975470e-03
8.000110e-03 	 2.922130e-03
8.020110e-03 	 2.869680e-03
8.040100e-03 	 2.818100e-03
8.060100e-03 	 2.767380e-03
8.080100e-03 	 2.717500e-03
8.100090e-03 	 2.668460e-03
8.120090e-03 	 2.620230e-03
8.140090e-03 	 2.572820e-03
8.160090e-03 	 2.526190e-03
8.180080e-03 	 2.480340e-03
8.200080e-03 	 2.435270e-03
8.220080e-03 	 2.390950e-03
8.240080e-03 	 2.347370e-03
8.260070e-03 	 2.304520e-03
8.280070e-03 	 2.262400e-03
8.300070e-03 	 2.220980e-03
8.320070e-03 	 2.180260e-03
8.340060e-03 	 2.140220e-03
8.360060e-03 	 2.100870e-03
8.380060e-03 	 2.062170e-03
8.400060e-03 	 2.024130e-03
8.420050e-03 	 1.986310e-03
8.440050e-03 	 1.949550e-03
8.460050e-03 	 1.913410e-03
8.480050e-03 	 1.877890e-03
8.500040e-03 	 1.842970e-03
8.520040e-03 	 1.808640e-03
8.540040e-03 	 1.774900e-03
8.560030e-03 	 1.741730e-03
8.580030e-03 	 1.709120e-03
8.600030e-03 	 1.677070e-03
8.620030e-03 	 1.645570e-03
8.640020e-03 	 1.614600e-03
8.660020e-03 	 1.584170e-03
8.680020e-03 	 1.554250e-03
8.700020e-03 	 1.524850e-03
8.720010e-03 	 1.495950e-03
8.740010e-03 	 1.467540e-03
8.760010e-03 	 1.439630e-03
8.780010e-03 	 1.412190e-03
8.800000e-03 	 1.385230e-03
8.820000e-03 	 1.358730e-03
8.840220e-03 	 1.332680e-03
8.860220e-03 	 1.307090e-03
8.880220e-03 	 1.281940e-03
8.900220e-03 	 1.257220e-03
8.920210e-03 	 1.232930e-03
8.940210e-03 	 1.209060e-03
8.960210e-03 	 1.185610e-03
8.980210e-03 	 1.162560e-03
9.000200e-03 	 1.139910e-03
9.020200e-03 	 1.117660e-03
9.040200e-03 	 1.095800e-03
9.060200e-03 	 1.074310e-03
9.080190e-03 	 1.053200e-03
9.100190e-03 	 1.032460e-03
9.120190e-03 	 1.012090e-03
9.140190e-03 	 9.920660e-04
9.160180e-03 	 9.723970e-04
9.180180e-03 	 9.530730e-04
9.200180e-03 	 9.340890e-04
9.220170e-03 	 9.154390e-04
9.240170e-03 	 8.971170e-04
9.260170e-03 	 8.791180e-04
9.280170e-03 	 8.614380e-04
9.300160e-03 	 8.440690e-04
9.320160e-03 	 8.270080e-04
9.340160e-03 	 8.102490e-04
9.360160e-03 	 7.937890e-04
9.380150e-03 	 7.776190e-04
9.400150e-03 	 7.617370e-04
9.420150e-03 	 7.461390e-04
9.440150e-03 	 7.308180e-04
9.460140e-03 	 7.157720e-04
9.480140e-03 	 7.009930e-04
9.500140e-03 	 6.864790e-04
9.520130e-03 	 6.722270e-04
9.540130e-03 	 6.582290e-04
9.560130e-03 	 6.444820e-04
9.580130e-03 	 6.309830e-04
9.600120e-03 	 6.177280e-04
9.620120e-03 	 6.047120e-04
9.640120e-03 	 5.919300e-04
9.660120e-03 	 5.793800e-04
9.680110e-03 	 5.670570e-04
9.700110e-03 	 5.549580e-04
9.720110e-03 	 5.430790e-04
9.740110e-03 	 5.314150e-04
9.760100e-03 	 5.199650e-04
9.780100e-03 	 5.087230e-04
9.800100e-03 	 4.976860e-04
9.820100e-03 	 4.868520e-04
9.840090e-03 	 4.762160e-04
9.860090e-03 	 4.657750e-04
9.880090e-03 	 4.555260e-04
9.900080e-03 	 4.454660e-04
9.920080e-03 	 4.355920e-04
9.940080e-03 	 4.259000e-04
9.960080e-03 	 4.163870e-04
9.980070e-03 	 4.070500e-04
1.000010e-02 	 3.978870e-04
1.002010e-02 	 3.888940e-04
1.004010e-02 	 3.800690e-04
1.006010e-02 	 3.714070e-04
1.008010e-02 	 3.629090e-04
1.010010e-02 	 3.545680e-04
1.012010e-02 	 3.463840e-04
1.014010e-02 	 3.382640e-04
1.016010e-02 	 3.303860e-04
1.018000e-02 	 3.226570e-04
1.020000e-02 	 3.150740e-04
1.022000e-02 	 3.076340e-04
1.024000e-02 	 3.003360e-04
1.026000e-02 	 2.931760e-04
1.028000e-02 	 2.861510e-04
1.030000e-02 	 2.792610e-04
1.032000e-02 	 2.725020e-04
1.034000e-02 	 2.658730e-04
1.036000e-02 	 2.593700e-04
1.038000e-02 	 2.529920e-04
1.040000e-02 	 2.467370e-04
1.042000e-02 	 2.406030e-04
1.044000e-02 	 2.345870e-04
1.046000e-02 	 2.286870e-04
1.048000e-02 	 2.229020e-04
1.050000e-02 	 2.172290e-04
1.052000e-02 	 2.116670e-04
1.054000e-02 	 2.062130e-04
1.056020e-02 	 2.008660e-04
1.058020e-02 	 1.956230e-04
1.060020e-02 	 1.904840e-04
1.062020e-02 	 1.854450e-04
1.064020e-02 	 1.805060e-04
1.066020e-02 	 1.756650e-04
1.068020e-02 	 1.709190e-04
1.070020e-02 	 1.662680e-04
1.072020e-02 	 1.617100e-04
1.074020e-02 	 1.572420e-04
1.076020e-02 	 1.528640e-04
1.078020e-02 	 1.485730e-04
1.080020e-02 	 1.443690e-04
1.082020e-02 	 1.402500e-04
1.084020e-02 	 1.362140e-04
1.086020e-02 	 1.322590e-04
1.088020e-02 	 1.283850e-04
1.090020e-02 	 1.245890e-04
1.092020e-02 	 1.208710e-04
1.094020e-02 	 1.172290e-04
1.096020e-02 	 1.136620e-04
1.098020e-02 	 1.101690e-04
1.100020e-02 	 1.067470e-04
1.102020e-02 	 1.033960e-04
1.104020e-02 	 1.001150e-04
1.106020e-02 	 9.690180e-05
1.108020e-02 	 9.375580e-05
1.110020e-02 	 9.067570e-05
1.112020e-02 	 8.766010e-05
1.114010e-02 	 8.470820e-05
1.116010e-02 	 8.181850e-05
1.118010e-02 	 7.899000e-05
1.120010e-02 	 7.622180e-05
1.122010e-02 	 7.351250e-05
1.124010e-02 	 7.086120e-05
1.126010e-02 	 6.826670e-05
1.128010e-02 	 6.572800e-05
1.130010e-02 	 6.324440e-05
1.132010e-02 	 6.081440e-05
1.134010e-02 	 5.843730e-05
1.136010e-02 	 5.611210e-05
1.138010e-02 	 5.383790e-05
1.140010e-02 	 5.161370e-05
1.142010e-02 	 4.943850e-05
1.144010e-02 	 4.731140e-05
1.146010e-02 	 4.523180e-05
1.148010e-02 	 4.319840e-05
1.150010e-02 	 4.121070e-05
1.152010e-02 	 3.926760e-05
1.154010e-02 	 3.736850e-05
1.156010e-02 	 3.551230e-05
1.158010e-02 	 3.369840e-05
1.160010e-02 	 3.192600e-05
1.162010e-02 	 3.019430e-05
1.164010e-02 	 2.850250e-05
1.166010e-02 	 2.684990e-05
1.168010e-02 	 2.523570e-05
1.170010e-02 	 2.365930e-05
1.172010e-02 	 2.211980e-05
1.174010e-02 	 2.061660e-05
1.176010e-02 	 1.914910e-05
1.178010e-02 	 1.771650e-05
1.180010e-02 	 1.631810e-05
1.182010e-02 	 1.495350e-05
1.184010e-02 	 1.362180e-05
1.186010e-02 	 1.232250e-05
1.188010e-02 	 1.104060e-05
1.190000e-02 	 9.804500e-06
1.192000e-02 	 8.598860e-06
1.194000e-02 	 7.423160e-06
1.196000e-02 	 6.276890e-06
1.198000e-02 	 5.159330e-06
1.200000e-02 	 4.070040e-06
1.202000e-02 	 3.008390e-06
1.204000e-02 	 1.973960e-06
1.206000e-02 	 9.660720e-07
1.208000e-02 	 -1.568960e-08
1.210000e-02 	 -9.719030e-07
1.212000e-02 	 -1.902970e-06
1.214000e-02 	 -2.809510e-06
1.216000e-02 	 -3.691900e-06
1.218000e-02 	 -4.550770e-06
1.220000e-02 	 -5.386370e-06
1.222000e-02 	 -6.199390e-06
1.224000e-02 	 -6.990040e-06
1.226000e-02 	 -7.758900e-06
1.228020e-02 	 -8.506430e-06
1.230020e-02 	 -9.233040e-06
1.232020e-02 	 -9.939060e-06
1.234020e-02 	 -1.062500e-05
1.236020e-02 	 -1.129130e-05
1.238020e-02 	 -1.193830e-05
1.240020e-02 	 -1.256630e-05
1.242020e-02 	 -1.317580e-05
1.244020e-02 	 -1.376720e-05
1.246020e-02 	 -1.434080e-05
1.248020e-02 	 -1.489700e-05
1.250020e-02 	 -1.543620e-05
1.252020e-02 	 -1.595860e-05
1.254020e-02 	 -1.646470e-05
1.256020e-02 	 -1.695480e-05
1.258020e-02 	 -1.742910e-05
1.260020e-02 	 -1.788820e-05
1.262020e-02 	 -1.833210e-05
1.264020e-02 	 -1.876140e-05
1.266020e-02 	 -1.917630e-05
1.268020e-02 	 -1.957700e-05
1.270020e-02 	 -1.996400e-05
1.272020e-02 	 -2.033740e-05
1.274020e-02 	 -2.069760e-05
1.276020e-02 	 -2.104490e-05
1.278020e-02 	 -2.137950e-05
1.280020e-02 	 -2.170160e-05
1.282020e-02 	 -2.201170e-05
1.284020e-02 	 -2.230990e-05
1.286010e-02 	 -2.259650e-05
1.288010e-02 	 -2.287180e-05
1.290010e-02 	 -2.313590e-05
1.292010e-02 	 -2.338920e-05
1.294010e-02 	 -2.363190e-05
1.296010e-02 	 -2.386410e-05
1.298010e-02 	 -2.408630e-05
1.300010e-02 	 -2.429850e-05
1.302010e-02 	 -2.450100e-05
1.304010e-02 	 -2.469400e-05
1.306010e-02 	 -2.487770e-05
1.308010e-02 	 -2.505230e-05
1.310010e-02 	 -2.521810e-05
1.312010e-02 	 -2.537530e-05
1.314010e-02 	 -2.552400e-05
1.316010e-02 	 -2.566440e-05
1.318010e-02 	 -2.579670e-05
1.320010e-02 	 -2.592120e-05
1.322010e-02 	 -2.603800e-05
1.324010e-02 	 -2.614720e-05
1.326010e-02 	 -2.624910e-05
1.328010e-02 	 -2.634390e-05
1.330010e-02 	 -2.643160e-05
1.332010e-02 	 -2.651250e-05
1.334010e-02 	 -2.658670e-05
1.336010e-02 	 -2.665450e-05
1.338010e-02 	 -2.671580e-05
1.340010e-02 	 -2.677100e-05
1.342010e-02 	 -2.682020e-05
1.344010e-02 	 -2.686350e-05
1.346010e-02 	 -2.690090e-05
1.348010e-02 	 -2.693290e-05
1.350010e-02 	 -2.695930e-05
1.352010e-02 	 -2.698040e-05
1.354010e-02 	 -2.699630e-05
1.356010e-02 	 -2.700720e-05
1.358010e-02 	 -2.701320e-05
1.360010e-02 	 -2.701430e-05
1.362000e-02 	 -2.701070e-05
1.364000e-02 	 -2.700260e-05
1.366000e-02 	 -2.699000e-05
1.368000e-02 	 -2.697320e-05
1.370000e-02 	 -2.695210e-05
1.372000e-02 	 -2.692690e-05
1.374000e-02 	 -2.689780e-05
1.376000e-02 	 -2.686480e-05
1.378000e-02 	 -2.682800e-05
1.380000e-02 	 -2.678760e-05
1.382000e-02 	 -2.674360e-05
1.384000e-02 	 -2.669620e-05
1.386000e-02 	 -2.664540e-05
1.388000e-02 	 -2.659140e-05
1.390000e-02 	 -2.653420e-05
1.392000e-02 	 -2.647390e-05
1.394000e-02 	 -2.641060e-05
1.396000e-02 	 -2.634450e-05
1.398000e-02 	 -2.627550e-05
1.400020e-02 	 -2.620390e-05
1.402020e-02 	 -2.612950e-05
1.404020e-02 	 -2.605270e-05
1.406020e-02 	 -2.597330e-05
1.408020e-02 	 -2.589160e-05
1.410020e-02 	 -2.580750e-05
1.412020e-02 	 -2.572120e-05
1.414020e-02 	 -2.563270e-05
1.416020e-02 	 -2.554210e-05
1.418020e-02 	 -2.544950e-05
1.420020e-02 	 -2.535490e-05
1.422020e-02 	 -2.525840e-05
1.424020e-02 	 -2.516010e-05
1.426020e-02 	 -2.506000e-05
1.428020e-02 	 -2.495820e-05
1.430020e-02 	 -2.485480e-05
1.432020e-02 	 -2.474980e-05
1.434020e-02 	 -2.464330e-05
1.436020e-02 	 -2.453530e-05
1.438020e-02 	 -2.442590e-05
1.440020e-02 	 -2.431520e-05
1.442020e-02 	 -2.420310e-05
1.444020e-02 	 -2.408990e-05
1.446020e-02 	 -2.397540e-05
1.448020e-02 	 -2.385980e-05
1.450020e-02 	 -2.374310e-05
1.452020e-02 	 -2.362530e-05
1.454020e-02 	 -2.350660e-05
1.456020e-02 	 -2.338690e-05
1.458010e-02 	 -2.326630e-05
1.460010e-02 	 -2.314490e-05
1.462010e-02 	 -2.302260e-05
1.464010e-02 	 -2.289960e-05
1.466010e-02 	 -2.277580e-05
1.468010e-02 	 -2.265130e-05
1.470010e-02 	 -2.252620e-05
1.472010e-02 	 -2.240050e-05
1.474010e-02 	 -2.227420e-05
1.476010e-02 	 -2.214740e-05
1.478010e-02 	 -2.202000e-05
1.480010e-02 	 -2.189220e-05
1.482010e-02 	 -2.176400e-05
1.484010e-02 	 -2.163530e-05
1.486010e-02 	 -2.150630e-05
1.488010e-02 	 -2.137690e-05
1.490010e-02 	 -2.124730e-05
1.492010e-02 	 -2.111730e-05
1.494010e-02 	 -2.098720e-05
1.496010e-02 	 -2.085680e-05
1.498010e-02 	 -2.072620e-05
1.500010e-02 	 -2.059540e-05
1.502010e-02 	 -2.046450e-05
1.504010e-02 	 -2.033350e-05
1.506010e-02 	 -2.020250e-05
1.508010e-02 	 -2.007130e-05
1.510010e-02 	 -1.994020e-05
1.512010e-02 	 -1.980900e-05
1.514010e-02 	 -1.967780e-05
1.516010e-02 	 -1.954670e-05
1.518010e-02 	 -1.941560e-05
1.520010e-02 	 -1.928460e-05
1.522010e-02 	 -1.915370e-05
1.524010e-02 	 -1.902290e-05
1.526010e-02 	 -1.889220e-05
1.528010e-02 	 -1.876180e-05
1.530010e-02 	 -1.862990e-05
1.532010e-02 	 -1.849980e-05
1.534000e-02 	 -1.836990e-05
1.536000e-02 	 -1.824020e-05
1.538000e-02 	 -1.811080e-05
1.540000e-02 	 -1.798160e-05
1.542000e-02 	 -1.785260e-05
1.544000e-02 	 -1.772400e-05
1.546000e-02 	 -1.759570e-05
1.548000e-02 	 -1.746770e-05
1.550000e-02 	 -1.734000e-05
1.552000e-02 	 -1.721260e-05
1.554000e-02 	 -1.708570e-05
1.556000e-02 	 -1.695910e-05
1.558000e-02 	 -1.683290e-05
1.560000e-02 	 -1.670700e-05
1.562000e-02 	 -1.658160e-05
1.564000e-02 	 -1.645660e-05
1.566000e-02 	 -1.633200e-05
1.568000e-02 	 -1.620790e-05
1.570000e-02 	 -1.608420e-05
1.572000e-02 	 -1.596100e-05
1.574020e-02 	 -1.583820e-05
1.576020e-02 	 -1.571590e-05
1.578020e-02 	 -1.559410e-05
1.580020e-02 	 -1.547280e-05
1.582020e-02 	 -1.535190e-05
1.584020e-02 	 -1.523160e-05
1.586020e-02 	 -1.511180e-05
1.588020e-02 	 -1.499260e-05
1.590020e-02 	 -1.487380e-05
1.592020e-02 	 -1.475560e-05
1.594020e-02 	 -1.463790e-05
1.596020e-02 	 -1.452080e-05
1.598020e-02 	 -1.440430e-05
1.600020e-02 	 -1.428830e-05
1.602020e-02 	 -1.417280e-05
1.604020e-02 	 -1.405800e-05
1.606020e-02 	 -1.394370e-05
1.608020e-02 	 -1.383000e-05
1.610020e-02 	 -1.371680e-05
1.612020e-02 	 -1.360430e-05
1.614020e-02 	 -1.349300e-05
